[47, 126, [135.0, -0.0, -90.0], 'Bifurcation']
[50, 155, [90.0, -0.0, -90.0], 'Bifurcation']
[55, 133, [90.0, -180.0, -90.0], 'Bifurcation']
[65, 181, [90.0, -180.0, -90.0], 'Bifurcation']
[77, 183, [90.0, -180.0, -45.0], 'Bifurcation']
[90, 130, [135.0, -0.0, -90.0], 'Bifurcation']
[95, 255, [90.0, -180.0, -90.0], 'Bifurcation']
[98, 136, [90.0, -180.0, -90.0], 'Bifurcation']
[111, 160, [-180.0, -0.0, -90.0], 'Bifurcation']
[116, 170, [90.0, -0.0, -135.0], 'Bifurcation']
[118, 139, [90.0, -180.0, -45.0], 'Bifurcation']
[133, 105, [90.0, -180.0, -45.0], 'Bifurcation']
[135, 282, [90.0, -0.0, -135.0], 'Bifurcation']
[140, 143, [135.0, -0.0, -135.0], 'Bifurcation']
[152, 142, [45.0, -180.0, -90.0], 'Bifurcation']
[174, 126, [90.0, -0.0, -135.0], 'Bifurcation']
[196, 118, [45.0, -180.0, -90.0], 'Bifurcation']
[210, 239, [45.0, -0.0, -90.0], 'Bifurcation']
[210, 241, [135.0, -180.0, -0.0], 'Bifurcation']
[217, 253, [90.0, -180.0, -0.0], 'Bifurcation']
[239, 258, [45.0, -135.0, -45.0], 'Bifurcation']
[242, 248, [90.0, -180.0, -0.0], 'Bifurcation']
[247, 262, [-180.0, -0.0, -90.0], 'Bifurcation']
[252, 254, [90.0, -180.0, -45.0], 'Bifurcation']
[269, 233, [45.0, -180.0, -45.0], 'Bifurcation']
[278, 195, [45.0, -180.0, -90.0], 'Bifurcation']
[36, 225, [-90.0], 'Termination']
[36, 236, [-90.0], 'Termination']
[37, 116, [-45.0], 'Termination']
[37, 158, [-26.56505117707799], 'Termination']
[37, 172, [-45.0], 'Termination']
[37, 182, [-26.56505117707799], 'Termination']
[47, 88, [-90.0], 'Termination']
[50, 198, [90.0], 'Termination']
[53, 155, [90.0], 'Termination']
[56, 285, [-90.0], 'Termination']
[64, 83, [-63.43494882292201], 'Termination']
[69, 289, [-116.56505117707799], 'Termination']
[73, 260, [45.0], 'Termination']
[84, 69, [90.0], 'Termination']
[87, 82, [-90.0], 'Termination']
[93, 141, [-63.43494882292201], 'Termination']
[95, 219, [45.0], 'Termination']
[114, 274, [26.56505117707799], 'Termination']
[124, 100, [-63.43494882292201], 'Termination']
[145, 82, [-45.0], 'Termination']
[150, 211, [26.56505117707799], 'Termination']
[162, 287, [-116.56505117707799], 'Termination']
[175, 295, [-116.56505117707799], 'Termination']
[188, 294, [-135.0], 'Termination']
[193, 84, [-26.56505117707799], 'Termination']
[200, 291, [-153.434948822922], 'Termination']
[201, 180, [153.434948822922], 'Termination']
[202, 236, [-153.434948822922], 'Termination']
[203, 127, [153.434948822922], 'Termination']
[212, 287, [-116.56505117707799], 'Termination']
[214, 169, [-0.0], 'Termination']
[225, 196, [-180.0], 'Termination']
[228, 283, [-153.434948822922], 'Termination']
[231, 97, [-0.0], 'Termination']
[232, 264, [-153.434948822922], 'Termination']
[239, 129, [-0.0], 'Termination']
[243, 273, [-153.434948822922], 'Termination']
[247, 104, [-26.56505117707799], 'Termination']
[258, 187, [-0.0], 'Termination']
[259, 258, [-153.434948822922], 'Termination']
[260, 114, [-0.0], 'Termination']
[269, 253, [-180.0], 'Termination']
[40, 194, [-180.0, -0.0, -90.0], 'Bifurcation']
[41, 135, [135.0, -0.0, -90.0], 'Bifurcation']
[57, 103, [90.0, -180.0, -90.0], 'Bifurcation']
[69, 113, [90.0, -180.0, -90.0], 'Bifurcation']
[69, 126, [90.0, -180.0, -90.0], 'Bifurcation']
[69, 222, [90.0, -180.0, -0.0], 'Bifurcation']
[78, 107, [90.0, -180.0, -90.0], 'Bifurcation']
[80, 106, [45.0, -0.0, -90.0], 'Bifurcation']
[98, 132, [90.0, -180.0, -90.0], 'Bifurcation']
[130, 85, [45.0, -180.0, -45.0], 'Bifurcation']
[131, 245, [135.0, -0.0, -90.0], 'Bifurcation']
[144, 109, [-180.0, -0.0, -90.0], 'Bifurcation']
[149, 119, [90.0, -0.0, -135.0], 'Bifurcation']
[162, 87, [90.0, -180.0, -0.0], 'Bifurcation']
[165, 98, [90.0, -180.0, -0.0], 'Bifurcation']
[199, 280, [45.0, -180.0, -90.0], 'Bifurcation']
[201, 276, [45.0, -180.0, -45.0], 'Bifurcation']
[203, 162, [90.0, -0.0, -135.0], 'Bifurcation']
[205, 249, [90.0, -180.0, -45.0], 'Bifurcation']
[209, 176, [45.0, -180.0, -90.0], 'Bifurcation']
[209, 180, [135.0, -0.0, -90.0], 'Bifurcation']
[210, 173, [45.0, -180.0, -45.0], 'Bifurcation']
[211, 167, [135.0, -0.0, -90.0], 'Bifurcation']
[212, 177, [90.0, -180.0, -0.0], 'Bifurcation']
[214, 223, [90.0, -180.0, -45.0], 'Bifurcation']
[46, 126, [-26.56505117707799], 'Termination']
[48, 220, [-90.0], 'Termination']
[57, 122, [-63.43494882292201], 'Termination']
[58, 230, [116.56505117707799], 'Termination']
[66, 196, [90.0], 'Termination']
[72, 106, [-90.0], 'Termination']
[85, 150, [90.0], 'Termination']
[85, 206, [63.43494882292201], 'Termination']
[96, 69, [-116.56505117707799], 'Termination']
[99, 287, [90.0], 'Termination']
[105, 104, [90.0], 'Termination']
[112, 210, [45.0], 'Termination']
[120, 273, [-153.434948822922], 'Termination']
[131, 167, [45.0], 'Termination']
[151, 79, [135.0], 'Termination']
[156, 120, [-0.0], 'Termination']
[159, 86, [-63.43494882292201], 'Termination']
[181, 295, [-135.0], 'Termination']
[186, 55, [-45.0], 'Termination']
[192, 294, [-153.434948822922], 'Termination']
[197, 57, [-26.56505117707799], 'Termination']
[200, 194, [-0.0], 'Termination']
[201, 72, [153.434948822922], 'Termination']
[203, 167, [-180.0], 'Termination']
[204, 291, [-135.0], 'Termination']
[210, 159, [-0.0], 'Termination']
[211, 74, [-63.43494882292201], 'Termination']
[235, 123, [-180.0], 'Termination']
[239, 179, [-153.434948822922], 'Termination']
[246, 48, [90.0], 'Termination']
[248, 113, [-26.56505117707799], 'Termination']
[250, 276, [90.0], 'Termination']
[251, 68, [-26.56505117707799], 'Termination']
[255, 239, [-180.0], 'Termination']
[260, 138, [153.434948822922], 'Termination']
[277, 276, [-0.0], 'Termination']
[278, 287, [-180.0], 'Termination']
[292, 104, [-45.0], 'Termination']
[293, 127, [-0.0], 'Termination']
[296, 199, [-153.434948822922], 'Termination']
[303, 42, [-116.56505117707799], 'Termination']
[322, 180, [26.56505117707799], 'Termination']
[40, 152, [135.0, -0.0, -90.0], 'Bifurcation']
[56, 91, [90.0, 45.0, -90.0], 'Bifurcation']
[55, 93, [135.0, -180.0, -45.0], 'Bifurcation']
[60, 154, [90.0, -180.0, -90.0], 'Bifurcation']
[61, 230, [135.0, -90.0, -45.0], 'Bifurcation']
[65, 231, [135.0, 90.0, -90.0], 'Bifurcation']
[67, 167, [90.0, -180.0, -90.0], 'Bifurcation']
[68, 109, [90.0, -0.0, -90.0], 'Bifurcation']
[73, 113, [90.0, -180.0, -90.0], 'Bifurcation']
[80, 257, [135.0, -0.0, -90.0], 'Bifurcation']
[93, 67, [90.0, -135.0, -45.0], 'Bifurcation']
[112, 107, [90.0, -0.0, -90.0], 'Bifurcation']
[118, 111, [45.0, -180.0, -90.0], 'Bifurcation']
[194, 94, [90.0, -180.0, -0.0], 'Bifurcation']
[198, 282, [-180.0, -0.0, -90.0], 'Bifurcation']
[237, 221, [135.0, 45.0, -90.0], 'Bifurcation']
[37, 196, [-45.0], 'Termination']
[38, 162, [-26.56505117707799], 'Termination']
[40, 99, [-63.43494882292201], 'Termination']
[44, 244, [-63.43494882292201], 'Termination']
[52, 146, [-63.43494882292201], 'Termination']
[58, 270, [116.56505117707799], 'Termination']
[62, 253, [116.56505117707799], 'Termination']
[62, 280, [-116.56505117707799], 'Termination']
[63, 162, [-63.43494882292201], 'Termination']
[72, 285, [90.0], 'Termination']
[78, 177, [90.0], 'Termination']
[82, 232, [90.0], 'Termination']
[88, 161, [90.0], 'Termination']
[95, 281, [-135.0], 'Termination']
[107, 236, [45.0], 'Termination']
[111, 280, [-135.0], 'Termination']
[116, 117, [-63.43494882292201], 'Termination']
[132, 234, [63.43494882292201], 'Termination']
[135, 274, [-135.0], 'Termination']
[148, 273, [-135.0], 'Termination']
[149, 144, [-0.0], 'Termination']
[179, 122, [-26.56505117707799], 'Termination']
[179, 179, [-0.0], 'Termination']
[182, 295, [-153.434948822922], 'Termination']
[193, 293, [-153.434948822922], 'Termination']
[205, 58, [-45.0], 'Termination']
[210, 69, [-0.0], 'Termination']
[222, 91, [153.434948822922], 'Termination']
[227, 143, [-180.0], 'Termination']
[239, 133, [-26.56505117707799], 'Termination']
[252, 157, [-180.0], 'Termination']
[261, 92, [-0.0], 'Termination']
[263, 290, [26.56505117707799], 'Termination']
[264, 301, [153.434948822922], 'Termination']
[272, 215, [-153.434948822922], 'Termination']
[279, 107, [-26.56505117707799], 'Termination']
[287, 180, [-180.0], 'Termination']
[295, 43, [-90.0], 'Termination']
[52, 120, [90.0, -180.0, -0.0], 'Bifurcation']
[53, 124, [-180.0, -0.0, -90.0], 'Bifurcation']
[60, 112, [90.0, -180.0, -0.0], 'Bifurcation']
[61, 116, [-180.0, -0.0, -90.0], 'Bifurcation']
[65, 121, [90.0, -180.0, -0.0], 'Bifurcation']
[80, 150, [90.0, -180.0, -0.0], 'Bifurcation']
[87, 141, [90.0, -135.0, -45.0], 'Bifurcation']
[91, 127, [-180.0, -0.0, -90.0], 'Bifurcation']
[97, 116, [135.0, -0.0, -90.0], 'Bifurcation']
[99, 135, [90.0, -180.0, -90.0], 'Bifurcation']
[100, 163, [90.0, -0.0, -90.0], 'Bifurcation']
[105, 124, [90.0, -180.0, -0.0], 'Bifurcation']
[109, 172, [90.0, -180.0, -90.0], 'Bifurcation']
[109, 112, [90.0, -180.0, -0.0], 'Bifurcation']
[115, 164, [135.0, -0.0, -90.0], 'Bifurcation']
[120, 163, [45.0, -180.0, -90.0], 'Bifurcation']
[134, 250, [135.0, 45.0, -90.0], 'Bifurcation']
[136, 109, [90.0, 45.0, -90.0], 'Bifurcation']
[135, 111, [135.0, -180.0, -45.0], 'Bifurcation']
[138, 113, [90.0, -180.0, -90.0], 'Bifurcation']
[140, 112, [135.0, 45.0, -0.0], 'Bifurcation']
[152, 182, [45.0, -0.0, -135.0], 'Bifurcation']
[158, 111, [90.0, -180.0, -90.0], 'Bifurcation']
[158, 158, [45.0, -180.0, -90.0], 'Bifurcation']
[176, 65, [135.0, 90.0, -135.0], 'Bifurcation']
[178, 106, [90.0, -0.0, -90.0], 'Bifurcation']
[185, 111, [45.0, -180.0, -45.0], 'Bifurcation']
[191, 158, [45.0, -180.0, -45.0], 'Bifurcation']
[197, 227, [45.0, -180.0, -90.0], 'Bifurcation']
[202, 132, [135.0, -0.0, -90.0], 'Bifurcation']
[210, 189, [90.0, -0.0, -135.0], 'Bifurcation']
[222, 122, [90.0, -180.0, -45.0], 'Bifurcation']
[260, 93, [90.0, -180.0, -45.0], 'Bifurcation']
[46, 240, [-63.43494882292201], 'Termination']
[50, 193, [-26.56505117707799], 'Termination']
[53, 273, [-180.0], 'Termination']
[63, 159, [-45.0], 'Termination']
[104, 111, [-90.0], 'Termination']
[106, 99, [-63.43494882292201], 'Termination']
[108, 157, [-45.0], 'Termination']
[112, 244, [-63.43494882292201], 'Termination']
[115, 112, [-90.0], 'Termination']
[122, 86, [90.0], 'Termination']
[131, 91, [-116.56505117707799], 'Termination']
[135, 266, [-116.56505117707799], 'Termination']
[143, 177, [90.0], 'Termination']
[150, 232, [90.0], 'Termination']
[176, 235, [45.0], 'Termination']
[181, 117, [-63.43494882292201], 'Termination']
[182, 294, [-135.0], 'Termination']
[189, 163, [-180.0], 'Termination']
[193, 194, [45.0], 'Termination']
[194, 290, [-135.0], 'Termination']
[202, 136, [-180.0], 'Termination']
[214, 273, [26.56505117707799], 'Termination']
[216, 144, [-0.0], 'Termination']
[219, 51, [-63.43494882292201], 'Termination']
[236, 55, [-63.43494882292201], 'Termination']
[248, 177, [26.56505117707799], 'Termination']
[251, 63, [-45.0], 'Termination']
[251, 247, [-135.0], 'Termination']
[261, 63, [-26.56505117707799], 'Termination']
[264, 240, [-153.434948822922], 'Termination']
[286, 73, [-26.56505117707799], 'Termination']
[287, 89, [153.434948822922], 'Termination']
[296, 142, [153.434948822922], 'Termination']
[298, 220, [-153.434948822922], 'Termination']
[306, 86, [-26.56505117707799], 'Termination']
[308, 131, [-0.0], 'Termination']
[309, 289, [-63.43494882292201], 'Termination']
[315, 187, [-180.0], 'Termination']
[323, 105, [-26.56505117707799], 'Termination']
[327, 116, [153.434948822922], 'Termination']
[41, 156, [45.0, -180.0, -90.0], 'Bifurcation']
[46, 165, [90.0, -180.0, -0.0], 'Bifurcation']
[47, 145, [-180.0, -0.0, -90.0], 'Bifurcation']
[57, 140, [135.0, -0.0, -90.0], 'Bifurcation']
[57, 164, [-180.0, -0.0, -90.0], 'Bifurcation']
[66, 148, [90.0, -180.0, -90.0], 'Bifurcation']
[65, 177, [-180.0, -135.0, -45.0], 'Bifurcation']
[66, 174, [45.0, -180.0, -0.0], 'Bifurcation']
[67, 176, [135.0, 90.0, -90.0], 'Bifurcation']
[76, 185, [45.0, -180.0, -45.0], 'Bifurcation']
[78, 127, [90.0, -0.0, -90.0], 'Bifurcation']
[78, 169, [90.0, -0.0, -90.0], 'Bifurcation']
[82, 177, [90.0, -0.0, -90.0], 'Bifurcation']
[87, 177, [90.0, -180.0, -90.0], 'Bifurcation']
[103, 252, [90.0, -180.0, -45.0], 'Bifurcation']
[110, 77, [90.0, -0.0, -90.0], 'Bifurcation']
[119, 82, [45.0, -180.0, -90.0], 'Bifurcation']
[125, 173, [45.0, -180.0, -90.0], 'Bifurcation']
[145, 122, [135.0, -0.0, -90.0], 'Bifurcation']
[150, 128, [135.0, -0.0, -135.0], 'Bifurcation']
[153, 126, [45.0, -180.0, -90.0], 'Bifurcation']
[187, 126, [90.0, -180.0, -0.0], 'Bifurcation']
[192, 139, [135.0, -0.0, -90.0], 'Bifurcation']
[200, 127, [90.0, -180.0, -0.0], 'Bifurcation']
[228, 108, [90.0, -180.0, -0.0], 'Bifurcation']
[35, 225, [-26.56505117707799], 'Termination']
[35, 237, [-26.56505117707799], 'Termination']
[36, 251, [-26.56505117707799], 'Termination']
[37, 142, [-0.0], 'Termination']
[37, 169, [-26.56505117707799], 'Termination']
[37, 202, [-26.56505117707799], 'Termination']
[38, 184, [-0.0], 'Termination']
[51, 97, [-63.43494882292201], 'Termination']
[51, 156, [153.434948822922], 'Termination']
[62, 154, [-26.56505117707799], 'Termination']
[65, 79, [-90.0], 'Termination']
[73, 113, [-63.43494882292201], 'Termination']
[75, 75, [-90.0], 'Termination']
[75, 257, [-90.0], 'Termination']
[80, 289, [-116.56505117707799], 'Termination']
[89, 280, [90.0], 'Termination']
[94, 260, [116.56505117707799], 'Termination']
[95, 289, [-63.43494882292201], 'Termination']
[104, 83, [116.56505117707799], 'Termination']
[108, 269, [63.43494882292201], 'Termination']
[109, 191, [116.56505117707799], 'Termination']
[113, 246, [63.43494882292201], 'Termination']
[114, 292, [-116.56505117707799], 'Termination']
[128, 64, [-90.0], 'Termination']
[130, 292, [-116.56505117707799], 'Termination']
[142, 250, [63.43494882292201], 'Termination']
[143, 61, [-63.43494882292201], 'Termination']
[158, 59, [-90.0], 'Termination']
[159, 209, [45.0], 'Termination']
[163, 250, [45.0], 'Termination']
[181, 274, [-153.434948822922], 'Termination']
[184, 160, [-0.0], 'Termination']
[194, 73, [-63.43494882292201], 'Termination']
[194, 126, [-45.0], 'Termination']
[214, 191, [-0.0], 'Termination']
[217, 86, [-26.56505117707799], 'Termination']
[221, 52, [116.56505117707799], 'Termination']
[228, 256, [-135.0], 'Termination']
[232, 63, [-45.0], 'Termination']
[257, 228, [-153.434948822922], 'Termination']
[257, 297, [-90.0], 'Termination']
[263, 157, [-180.0], 'Termination']
[277, 159, [-180.0], 'Termination']
[277, 276, [-0.0], 'Termination']
[277, 286, [-180.0], 'Termination']
[278, 118, [153.434948822922], 'Termination']
[299, 43, [-90.0], 'Termination']
[306, 288, [-63.43494882292201], 'Termination']
[42, 229, [-180.0, -0.0, -90.0], 'Bifurcation']
[45, 110, [-180.0, -0.0, -90.0], 'Bifurcation']
[48, 114, [90.0, -180.0, -135.0], 'Bifurcation']
[50, 118, [90.0, -0.0, -135.0], 'Bifurcation']
[58, 132, [90.0, -180.0, -0.0], 'Bifurcation']
[64, 247, [-180.0, -0.0, -90.0], 'Bifurcation']
[68, 131, [90.0, -0.0, -90.0], 'Bifurcation']
[68, 256, [135.0, 45.0, -90.0], 'Bifurcation']
[69, 108, [-180.0, -0.0, -90.0], 'Bifurcation']
[70, 131, [90.0, -180.0, -90.0], 'Bifurcation']
[76, 98, [135.0, -0.0, -90.0], 'Bifurcation']
[76, 100, [-180.0, -0.0, -90.0], 'Bifurcation']
[78, 116, [90.0, -180.0, -90.0], 'Bifurcation']
[77, 144, [135.0, -0.0, -90.0], 'Bifurcation']
[78, 83, [90.0, -180.0, -0.0], 'Bifurcation']
[78, 98, [90.0, -0.0, -90.0], 'Bifurcation']
[83, 89, [135.0, -0.0, -90.0], 'Bifurcation']
[84, 105, [90.0, -180.0, -45.0], 'Bifurcation']
[86, 93, [135.0, -135.0, -90.0], 'Bifurcation']
[87, 90, [135.0, 45.0, -0.0], 'Bifurcation']
[88, 153, [90.0, -180.0, -45.0], 'Bifurcation']
[90, 95, [90.0, -0.0, -90.0], 'Bifurcation']
[96, 183, [90.0, -180.0, -90.0], 'Bifurcation']
[98, 182, [135.0, 45.0, -0.0], 'Bifurcation']
[100, 145, [90.0, -180.0, -90.0], 'Bifurcation']
[109, 279, [135.0, -0.0, -90.0], 'Bifurcation']
[114, 91, [90.0, -0.0, -90.0], 'Bifurcation']
[114, 219, [90.0, -135.0, -45.0], 'Bifurcation']
[121, 96, [90.0, -180.0, -90.0], 'Bifurcation']
[132, 163, [90.0, 45.0, -90.0], 'Bifurcation']
[131, 165, [135.0, -180.0, -0.0], 'Bifurcation']
[138, 141, [90.0, -180.0, -90.0], 'Bifurcation']
[140, 280, [45.0, -180.0, -0.0], 'Bifurcation']
[160, 91, [90.0, -0.0, -90.0], 'Bifurcation']
[161, 93, [135.0, -0.0, -135.0], 'Bifurcation']
[162, 91, [90.0, -0.0, -90.0], 'Bifurcation']
[166, 95, [90.0, -180.0, -90.0], 'Bifurcation']
[178, 271, [90.0, -180.0, -90.0], 'Bifurcation']
[181, 216, [90.0, -0.0, -90.0], 'Bifurcation']
[208, 117, [90.0, -0.0, -135.0], 'Bifurcation']
[243, 80, [90.0, -180.0, -0.0], 'Bifurcation']
[296, 201, [90.0, -0.0, -135.0], 'Bifurcation']
[38, 149, [-0.0], 'Termination']
[58, 117, [-45.0], 'Termination']
[63, 262, [-180.0], 'Termination']
[71, 256, [90.0], 'Termination']
[74, 77, [-63.43494882292201], 'Termination']
[84, 224, [-90.0], 'Termination']
[87, 81, [-63.43494882292201], 'Termination']
[91, 262, [90.0], 'Termination']
[94, 149, [-63.43494882292201], 'Termination']
[95, 247, [90.0], 'Termination']
[104, 227, [90.0], 'Termination']
[117, 236, [63.43494882292201], 'Termination']
[124, 159, [90.0], 'Termination']
[127, 213, [90.0], 'Termination']
[132, 167, [153.434948822922], 'Termination']
[132, 283, [-116.56505117707799], 'Termination']
[146, 286, [-135.0], 'Termination']
[151, 218, [45.0], 'Termination']
[162, 100, [-63.43494882292201], 'Termination']
[162, 252, [45.0], 'Termination']
[171, 177, [45.0], 'Termination']
[199, 234, [26.56505117707799], 'Termination']
[227, 163, [26.56505117707799], 'Termination']
[234, 267, [-135.0], 'Termination']
[247, 262, [-116.56505117707799], 'Termination']
[264, 253, [-153.434948822922], 'Termination']
[276, 130, [153.434948822922], 'Termination']
[280, 187, [-153.434948822922], 'Termination']
[288, 119, [-0.0], 'Termination']
[291, 80, [-26.56505117707799], 'Termination']
[301, 144, [153.434948822922], 'Termination']
[307, 96, [-0.0], 'Termination']
[65, 239, [-180.0, -0.0, -90.0], 'Bifurcation']
[66, 108, [-180.0, -0.0, -90.0], 'Bifurcation']
[68, 110, [90.0, -180.0, -0.0], 'Bifurcation']
[69, 115, [45.0, -180.0, -90.0], 'Bifurcation']
[71, 121, [135.0, -0.0, -90.0], 'Bifurcation']
[84, 142, [90.0, -180.0, -0.0], 'Bifurcation']
[92, 265, [135.0, 45.0, -90.0], 'Bifurcation']
[96, 118, [135.0, -0.0, -90.0], 'Bifurcation']
[96, 140, [45.0, -180.0, -0.0], 'Bifurcation']
[96, 143, [-180.0, -0.0, -90.0], 'Bifurcation']
[96, 146, [-180.0, -0.0, -135.0], 'Bifurcation']
[96, 163, [-180.0, -0.0, -90.0], 'Bifurcation']
[98, 143, [90.0, -0.0, -90.0], 'Bifurcation']
[104, 126, [90.0, -180.0, -90.0], 'Bifurcation']
[111, 144, [135.0, -0.0, -90.0], 'Bifurcation']
[114, 104, [90.0, -180.0, -45.0], 'Bifurcation']
[114, 163, [45.0, -180.0, -45.0], 'Bifurcation']
[117, 106, [90.0, -0.0, -90.0], 'Bifurcation']
[120, 156, [135.0, -0.0, -90.0], 'Bifurcation']
[125, 155, [45.0, -180.0, -90.0], 'Bifurcation']
[138, 229, [45.0, -0.0, -90.0], 'Bifurcation']
[138, 231, [135.0, -180.0, -45.0], 'Bifurcation']
[141, 103, [90.0, -0.0, -90.0], 'Bifurcation']
[161, 103, [-180.0, -0.0, -90.0], 'Bifurcation']
[163, 104, [135.0, 45.0, -90.0], 'Bifurcation']
[164, 152, [45.0, -180.0, -90.0], 'Bifurcation']
[184, 102, [90.0, -0.0, -90.0], 'Bifurcation']
[192, 106, [90.0, -180.0, -45.0], 'Bifurcation']
[211, 190, [90.0, -0.0, -90.0], 'Bifurcation']
[231, 120, [90.0, -180.0, -90.0], 'Bifurcation']
[37, 228, [-0.0], 'Termination']
[38, 165, [-26.56505117707799], 'Termination']
[38, 198, [-0.0], 'Termination']
[49, 222, [-26.56505117707799], 'Termination']
[50, 181, [-26.56505117707799], 'Termination']
[62, 101, [-45.0], 'Termination']
[73, 272, [153.434948822922], 'Termination']
[84, 127, [-45.0], 'Termination']
[85, 70, [116.56505117707799], 'Termination']
[96, 166, [-180.0], 'Termination']
[100, 132, [-45.0], 'Termination']
[109, 234, [-90.0], 'Termination']
[110, 103, [-63.43494882292201], 'Termination']
[114, 272, [90.0], 'Termination']
[121, 257, [90.0], 'Termination']
[130, 237, [90.0], 'Termination']
[140, 247, [90.0], 'Termination']
[146, 103, [90.0], 'Termination']
[149, 225, [90.0], 'Termination']
[150, 170, [90.0], 'Termination']
[153, 68, [-63.43494882292201], 'Termination']
[154, 286, [-135.0], 'Termination']
[166, 286, [-90.0], 'Termination']
[176, 230, [63.43494882292201], 'Termination']
[186, 264, [63.43494882292201], 'Termination']
[189, 112, [-63.43494882292201], 'Termination']
[197, 189, [45.0], 'Termination']
[197, 230, [45.0], 'Termination']
[206, 274, [-116.56505117707799], 'Termination']
[208, 190, [-90.0], 'Termination']
[217, 102, [116.56505117707799], 'Termination']
[221, 141, [-26.56505117707799], 'Termination']
[221, 272, [-153.434948822922], 'Termination']
[232, 270, [-116.56505117707799], 'Termination']
[247, 263, [-135.0], 'Termination']
[252, 119, [-26.56505117707799], 'Termination']
[252, 176, [-0.0], 'Termination']
[255, 85, [-26.56505117707799], 'Termination']
[264, 252, [-135.0], 'Termination']
[282, 99, [-26.56505117707799], 'Termination']
[298, 223, [-153.434948822922], 'Termination']
[303, 144, [153.434948822922], 'Termination']
[308, 128, [-0.0], 'Termination']
[41, 110, [90.0, -180.0, -90.0], 'Bifurcation']
[42, 164, [90.0, -180.0, -90.0], 'Bifurcation']
[44, 224, [90.0, -180.0, -0.0], 'Bifurcation']
[49, 234, [90.0, -180.0, -0.0], 'Bifurcation']
[66, 155, [90.0, -180.0, -90.0], 'Bifurcation']
[81, 103, [90.0, -0.0, -90.0], 'Bifurcation']
[89, 107, [90.0, -180.0, -90.0], 'Bifurcation']
[127, 116, [90.0, -180.0, -45.0], 'Bifurcation']
[218, 191, [90.0, -180.0, -45.0], 'Bifurcation']
[227, 202, [90.0, -180.0, -0.0], 'Bifurcation']
[239, 129, [45.0, -180.0, -90.0], 'Bifurcation']
[241, 140, [90.0, -0.0, -135.0], 'Bifurcation']
[252, 192, [90.0, -180.0, -0.0], 'Bifurcation']
[36, 259, [-135.0], 'Termination']
[38, 110, [-90.0], 'Termination']
[39, 141, [-63.43494882292201], 'Termination']
[53, 251, [90.0], 'Termination']
[54, 174, [90.0], 'Termination']
[59, 227, [45.0], 'Termination']
[69, 287, [-116.56505117707799], 'Termination']
[86, 112, [-63.43494882292201], 'Termination']
[87, 230, [63.43494882292201], 'Termination']
[98, 264, [45.0], 'Termination']
[103, 186, [26.56505117707799], 'Termination']
[107, 229, [45.0], 'Termination']
[122, 138, [-26.56505117707799], 'Termination']
[134, 242, [26.56505117707799], 'Termination']
[151, 272, [-135.0], 'Termination']
[155, 168, [-0.0], 'Termination']
[159, 84, [153.434948822922], 'Termination']
[163, 288, [-116.56505117707799], 'Termination']
[165, 57, [-45.0], 'Termination']
[184, 54, [-45.0], 'Termination']
[184, 265, [-135.0], 'Termination']
[191, 80, [135.0], 'Termination']
[200, 132, [-180.0], 'Termination']
[206, 55, [-45.0], 'Termination']
[206, 192, [-135.0], 'Termination']
[207, 162, [26.56505117707799], 'Termination']
[207, 172, [-180.0], 'Termination']
[209, 251, [-153.434948822922], 'Termination']
[211, 120, [-0.0], 'Termination']
[222, 258, [26.56505117707799], 'Termination']
[226, 144, [153.434948822922], 'Termination']
[256, 208, [-180.0], 'Termination']
[257, 128, [-0.0], 'Termination']
[269, 196, [-153.434948822922], 'Termination']
[271, 153, [-180.0], 'Termination']
[271, 181, [-0.0], 'Termination']
[62, 163, [90.0, -180.0, -0.0], 'Bifurcation']
[70, 122, [90.0, -180.0, -90.0], 'Bifurcation']
[75, 112, [135.0, -0.0, -90.0], 'Bifurcation']
[85, 267, [-180.0, -0.0, -90.0], 'Bifurcation']
[86, 255, [-180.0, -0.0, -90.0], 'Bifurcation']
[90, 264, [135.0, 45.0, -90.0], 'Bifurcation']
[94, 163, [-180.0, -0.0, -90.0], 'Bifurcation']
[99, 220, [90.0, -0.0, -90.0], 'Bifurcation']
[103, 129, [90.0, -180.0, -45.0], 'Bifurcation']
[103, 156, [45.0, -180.0, -90.0], 'Bifurcation']
[102, 212, [90.0, -135.0, -45.0], 'Bifurcation']
[104, 210, [135.0, 45.0, -0.0], 'Bifurcation']
[105, 212, [135.0, 90.0, -90.0], 'Bifurcation']
[108, 145, [135.0, -0.0, -90.0], 'Bifurcation']
[113, 165, [90.0, -180.0, -90.0], 'Bifurcation']
[121, 142, [90.0, -180.0, -90.0], 'Bifurcation']
[136, 217, [90.0, 45.0, -90.0], 'Bifurcation']
[135, 219, [135.0, -180.0, -0.0], 'Bifurcation']
[136, 159, [45.0, -180.0, -90.0], 'Bifurcation']
[138, 103, [90.0, 45.0, -90.0], 'Bifurcation']
[137, 105, [135.0, -180.0, -45.0], 'Bifurcation']
[138, 229, [90.0, -180.0, -45.0], 'Bifurcation']
[181, 102, [90.0, -0.0, -135.0], 'Bifurcation']
[188, 106, [45.0, -180.0, -90.0], 'Bifurcation']
[199, 70, [90.0, -180.0, -90.0], 'Bifurcation']
[206, 127, [-180.0, -0.0, -90.0], 'Bifurcation']
[228, 118, [90.0, -180.0, -90.0], 'Bifurcation']
[43, 109, [-63.43494882292201], 'Termination']
[44, 89, [-63.43494882292201], 'Termination']
[46, 181, [-26.56505117707799], 'Termination']
[47, 222, [-0.0], 'Termination']
[47, 261, [-180.0], 'Termination']
[52, 81, [-63.43494882292201], 'Termination']
[56, 269, [-180.0], 'Termination']
[67, 239, [-45.0], 'Termination']
[69, 268, [153.434948822922], 'Termination']
[96, 170, [153.434948822922], 'Termination']
[107, 232, [-63.43494882292201], 'Termination']
[113, 270, [90.0], 'Termination']
[115, 288, [-135.0], 'Termination']
[119, 256, [90.0], 'Termination']
[120, 86, [-63.43494882292201], 'Termination']
[125, 235, [90.0], 'Termination']
[131, 85, [-90.0], 'Termination']
[133, 154, [-45.0], 'Termination']
[134, 286, [-90.0], 'Termination']
[139, 76, [-90.0], 'Termination']
[140, 245, [63.43494882292201], 'Termination']
[142, 104, [90.0], 'Termination']
[147, 289, [-135.0], 'Termination']
[149, 170, [90.0], 'Termination']
[150, 222, [63.43494882292201], 'Termination']
[158, 154, [116.56505117707799], 'Termination']
[168, 75, [-63.43494882292201], 'Termination']
[173, 291, [-116.56505117707799], 'Termination']
[184, 262, [45.0], 'Termination']
[186, 112, [-63.43494882292201], 'Termination']
[196, 286, [-135.0], 'Termination']
[198, 228, [45.0], 'Termination']
[207, 131, [153.434948822922], 'Termination']
[213, 283, [-153.434948822922], 'Termination']
[220, 139, [-0.0], 'Termination']
[223, 243, [26.56505117707799], 'Termination']
[230, 274, [-135.0], 'Termination']
[251, 109, [-45.0], 'Termination']
[251, 172, [26.56505117707799], 'Termination']
[255, 95, [-63.43494882292201], 'Termination']
[262, 292, [-0.0], 'Termination']
[269, 242, [-153.434948822922], 'Termination']
[270, 97, [-26.56505117707799], 'Termination']
[285, 103, [-45.0], 'Termination']
[299, 137, [-180.0], 'Termination']
[305, 128, [-0.0], 'Termination']
[307, 175, [-180.0], 'Termination']
[69, 150, [-180.0, -0.0, -90.0], 'Bifurcation']
[94, 148, [90.0, -180.0, -0.0], 'Bifurcation']
[98, 113, [-180.0, -0.0, -90.0], 'Bifurcation']
[100, 115, [90.0, -180.0, -0.0], 'Bifurcation']
[103, 137, [-180.0, -0.0, -90.0], 'Bifurcation']
[105, 123, [135.0, -0.0, -90.0], 'Bifurcation']
[106, 108, [135.0, -0.0, -90.0], 'Bifurcation']
[110, 112, [90.0, -180.0, -45.0], 'Bifurcation']
[112, 175, [90.0, -180.0, -90.0], 'Bifurcation']
[114, 133, [90.0, -180.0, -90.0], 'Bifurcation']
[114, 161, [90.0, -180.0, -45.0], 'Bifurcation']
[116, 163, [135.0, -0.0, -90.0], 'Bifurcation']
[121, 151, [135.0, -0.0, -90.0], 'Bifurcation']
[123, 170, [90.0, -180.0, -90.0], 'Bifurcation']
[126, 111, [90.0, -0.0, -90.0], 'Bifurcation']
[149, 166, [45.0, -180.0, -90.0], 'Bifurcation']
[150, 236, [90.0, -180.0, -45.0], 'Bifurcation']
[152, 110, [90.0, -0.0, -90.0], 'Bifurcation']
[174, 159, [45.0, -180.0, -90.0], 'Bifurcation']
[195, 225, [90.0, -0.0, -90.0], 'Bifurcation']
[214, 192, [90.0, -0.0, -90.0], 'Bifurcation']
[220, 137, [-180.0, -0.0, -90.0], 'Bifurcation']
[236, 114, [90.0, -180.0, -0.0], 'Bifurcation']
[240, 126, [90.0, -180.0, -45.0], 'Bifurcation']
[246, 128, [90.0, -0.0, -135.0], 'Bifurcation']
[278, 98, [90.0, -180.0, -0.0], 'Bifurcation']
[292, 240, [90.0, -0.0, -135.0], 'Bifurcation']
[48, 244, [153.434948822922], 'Termination']
[58, 184, [-26.56505117707799], 'Termination']
[58, 226, [-0.0], 'Termination']
[79, 244, [-26.56505117707799], 'Termination']
[82, 69, [90.0], 'Termination']
[82, 271, [153.434948822922], 'Termination']
[110, 169, [-26.56505117707799], 'Termination']
[119, 238, [-63.43494882292201], 'Termination']
[123, 276, [90.0], 'Termination']
[128, 261, [90.0], 'Termination']
[131, 241, [90.0], 'Termination']
[133, 288, [-135.0], 'Termination']
[134, 184, [116.56505117707799], 'Termination']
[146, 161, [-45.0], 'Termination']
[147, 289, [-116.56505117707799], 'Termination']
[150, 91, [-90.0], 'Termination']
[150, 252, [90.0], 'Termination']
[152, 81, [-90.0], 'Termination']
[160, 230, [63.43494882292201], 'Termination']
[161, 292, [-135.0], 'Termination']
[162, 177, [90.0], 'Termination']
[173, 78, [-63.43494882292201], 'Termination']
[176, 290, [-116.56505117707799], 'Termination']
[190, 61, [-63.43494882292201], 'Termination']
[192, 289, [-116.56505117707799], 'Termination']
[197, 269, [90.0], 'Termination']
[198, 119, [-63.43494882292201], 'Termination']
[213, 282, [-116.56505117707799], 'Termination']
[220, 140, [-180.0], 'Termination']
[232, 148, [-26.56505117707799], 'Termination']
[232, 275, [-116.56505117707799], 'Termination']
[234, 251, [26.56505117707799], 'Termination']
[239, 63, [-45.0], 'Termination']
[245, 273, [-135.0], 'Termination']
[256, 272, [-116.56505117707799], 'Termination']
[262, 292, [-0.0], 'Termination']
[263, 182, [-0.0], 'Termination']
[265, 117, [-26.56505117707799], 'Termination']
[271, 267, [-135.0], 'Termination']
[282, 262, [-135.0], 'Termination']
[286, 236, [-153.434948822922], 'Termination']
[292, 285, [-0.0], 'Termination']
[297, 96, [-45.0], 'Termination']
[305, 42, [-116.56505117707799], 'Termination']
[309, 246, [-135.0], 'Termination']
[312, 147, [153.434948822922], 'Termination']
[315, 206, [-153.434948822922], 'Termination']
[318, 105, [-26.56505117707799], 'Termination']
[324, 137, [-0.0], 'Termination']