[71, 134, [135.0, -0.0, -90.0], 'Bifurcation']
[111, 246, [45.0, -0.0, -90.0], 'Bifurcation']
[113, 248, [90.0, -180.0, -90.0], 'Bifurcation']
[136, 137, [135.0, 45.0, -90.0], 'Bifurcation']
[143, 238, [90.0, -180.0, -0.0], 'Bifurcation']
[169, 204, [90.0, -180.0, -0.0], 'Bifurcation']
[176, 90, [90.0, -180.0, -0.0], 'Bifurcation']
[177, 71, [90.0, -180.0, -0.0], 'Bifurcation']
[187, 112, [90.0, -0.0, -135.0], 'Bifurcation']
[191, 105, [90.0, -0.0, -135.0], 'Bifurcation']
[190, 199, [-180.0, -0.0, -90.0], 'Bifurcation']
[194, 118, [90.0, -180.0, -90.0], 'Bifurcation']
[215, 97, [45.0, -180.0, -90.0], 'Bifurcation']
[216, 65, [90.0, -180.0, -0.0], 'Bifurcation']
[229, 75, [90.0, -180.0, -90.0], 'Bifurcation']
[246, 88, [135.0, -0.0, -90.0], 'Bifurcation']
[257, 60, [45.0, -180.0, -45.0], 'Bifurcation']
[39, 233, [-26.56505117707799], 'Termination']
[39, 265, [-45.0], 'Termination']
[42, 118, [-135.0], 'Termination']
[43, 88, [26.56505117707799], 'Termination']
[46, 74, [90.0], 'Termination']
[47, 161, [-116.56505117707799], 'Termination']
[47, 188, [26.56505117707799], 'Termination']
[51, 283, [-63.43494882292201], 'Termination']
[71, 105, [45.0], 'Termination']
[76, 168, [45.0], 'Termination']
[83, 264, [116.56505117707799], 'Termination']
[87, 253, [116.56505117707799], 'Termination']
[100, 179, [63.43494882292201], 'Termination']
[144, 90, [116.56505117707799], 'Termination']
[147, 265, [63.43494882292201], 'Termination']
[163, 175, [116.56505117707799], 'Termination']
[166, 199, [116.56505117707799], 'Termination']
[174, 57, [-153.434948822922], 'Termination']
[186, 115, [-153.434948822922], 'Termination']
[189, 54, [26.56505117707799], 'Termination']
[191, 227, [26.56505117707799], 'Termination']
[191, 299, [-116.56505117707799], 'Termination']
[198, 106, [-135.0], 'Termination']
[212, 67, [-135.0], 'Termination']
[215, 51, [45.0], 'Termination']
[217, 204, [-0.0], 'Termination']
[218, 75, [-135.0], 'Termination']
[218, 86, [-135.0], 'Termination']
[231, 254, [26.56505117707799], 'Termination']
[232, 164, [-45.0], 'Termination']
[237, 81, [-63.43494882292201], 'Termination']
[245, 50, [26.56505117707799], 'Termination']
[263, 230, [-0.0], 'Termination']
[294, 270, [-0.0], 'Termination']
[295, 239, [-0.0], 'Termination']
[296, 64, [-45.0], 'Termination']
[296, 173, [153.434948822922], 'Termination']
[302, 157, [-26.56505117707799], 'Termination']
[303, 295, [-153.434948822922], 'Termination']
[304, 251, [153.434948822922], 'Termination']
[309, 64, [-45.0], 'Termination']
[312, 219, [-0.0], 'Termination']
[329, 172, [153.434948822922], 'Termination']
[331, 160, [153.434948822922], 'Termination']
[62, 280, [45.0, -180.0, -90.0], 'Bifurcation']
[67, 160, [90.0, -0.0, -90.0], 'Bifurcation']
[84, 264, [90.0, -180.0, -90.0], 'Bifurcation']
[90, 244, [90.0, -180.0, -45.0], 'Bifurcation']
[95, 175, [90.0, -0.0, -90.0], 'Bifurcation']
[102, 154, [135.0, -0.0, -90.0], 'Bifurcation']
[116, 194, [45.0, -0.0, -90.0], 'Bifurcation']
[116, 196, [135.0, -180.0, -45.0], 'Bifurcation']
[156, 201, [90.0, -0.0, -135.0], 'Bifurcation']
[185, 111, [90.0, -180.0, -45.0], 'Bifurcation']
[230, 88, [90.0, -0.0, -90.0], 'Bifurcation']
[271, 242, [45.0, -180.0, -90.0], 'Bifurcation']
[293, 219, [-180.0, -0.0, -90.0], 'Bifurcation']
[296, 87, [90.0, -180.0, -45.0], 'Bifurcation']
[38, 208, [-0.0], 'Termination']
[45, 85, [-116.56505117707799], 'Termination']
[58, 138, [90.0], 'Termination']
[63, 194, [-0.0], 'Termination']
[76, 200, [-180.0], 'Termination']
[90, 98, [90.0], 'Termination']
[109, 231, [116.56505117707799], 'Termination']
[119, 138, [90.0], 'Termination']
[128, 265, [90.0], 'Termination']
[130, 91, [116.56505117707799], 'Termination']
[149, 175, [116.56505117707799], 'Termination']
[153, 209, [63.43494882292201], 'Termination']
[172, 232, [45.0], 'Termination']
[174, 204, [-0.0], 'Termination']
[183, 275, [45.0], 'Termination']
[188, 65, [-45.0], 'Termination']
[201, 208, [-0.0], 'Termination']
[209, 51, [-63.43494882292201], 'Termination']
[210, 257, [-0.0], 'Termination']
[216, 165, [-45.0], 'Termination']
[244, 236, [-0.0], 'Termination']
[254, 163, [-0.0], 'Termination']
[272, 275, [-0.0], 'Termination']
[282, 259, [-180.0], 'Termination']
[286, 61, [-45.0], 'Termination']
[292, 87, [-90.0], 'Termination']
[315, 96, [-45.0], 'Termination']
[315, 156, [-26.56505117707799], 'Termination']
[316, 281, [-0.0], 'Termination']
[320, 178, [153.434948822922], 'Termination']
[331, 207, [-26.56505117707799], 'Termination']
[333, 253, [-0.0], 'Termination']
[46, 167, [-180.0, -0.0, -90.0], 'Bifurcation']
[49, 203, [90.0, -0.0, -135.0], 'Bifurcation']
[81, 111, [90.0, -180.0, -90.0], 'Bifurcation']
[93, 224, [90.0, -0.0, -90.0], 'Bifurcation']
[95, 193, [45.0, -180.0, -90.0], 'Bifurcation']
[116, 223, [45.0, -180.0, -45.0], 'Bifurcation']
[139, 84, [-180.0, -0.0, -90.0], 'Bifurcation']
[181, 115, [90.0, -0.0, -90.0], 'Bifurcation']
[230, 252, [-180.0, -0.0, -90.0], 'Bifurcation']
[233, 82, [135.0, -0.0, -90.0], 'Bifurcation']
[281, 119, [90.0, -0.0, -90.0], 'Bifurcation']
[294, 231, [45.0, -180.0, -90.0], 'Bifurcation']
[307, 76, [135.0, -0.0, -135.0], 'Bifurcation']
[37, 225, [-26.56505117707799], 'Termination']
[43, 210, [-63.43494882292201], 'Termination']
[56, 279, [90.0], 'Termination']
[59, 208, [-116.56505117707799], 'Termination']
[65, 153, [90.0], 'Termination']
[93, 219, [116.56505117707799], 'Termination']
[106, 253, [45.0], 'Termination']
[123, 59, [-63.43494882292201], 'Termination']
[134, 130, [153.434948822922], 'Termination']
[139, 233, [-0.0], 'Termination']
[141, 284, [26.56505117707799], 'Termination']
[161, 192, [-26.56505117707799], 'Termination']
[178, 265, [26.56505117707799], 'Termination']
[181, 55, [-90.0], 'Termination']
[195, 52, [-90.0], 'Termination']
[197, 192, [-26.56505117707799], 'Termination']
[208, 274, [-0.0], 'Termination']
[215, 291, [-180.0], 'Termination']
[219, 301, [-180.0], 'Termination']
[226, 49, [-63.43494882292201], 'Termination']
[258, 188, [-45.0], 'Termination']
[261, 210, [153.434948822922], 'Termination']
[271, 239, [-0.0], 'Termination']
[271, 286, [-0.0], 'Termination']
[286, 197, [-26.56505117707799], 'Termination']
[303, 82, [135.0], 'Termination']
[67, 92, [90.0, -0.0, -90.0], 'Bifurcation']
[75, 118, [90.0, -0.0, -90.0], 'Bifurcation']
[76, 219, [90.0, -180.0, -90.0], 'Bifurcation']
[80, 161, [90.0, -0.0, -135.0], 'Bifurcation']
[87, 170, [90.0, -180.0, -45.0], 'Bifurcation']
[94, 202, [90.0, -180.0, -90.0], 'Bifurcation']
[96, 202, [90.0, -0.0, -90.0], 'Bifurcation']
[97, 204, [135.0, -0.0, -135.0], 'Bifurcation']
[98, 202, [90.0, -0.0, -90.0], 'Bifurcation']
[102, 206, [90.0, -180.0, -90.0], 'Bifurcation']
[103, 134, [90.0, -0.0, -90.0], 'Bifurcation']
[112, 114, [135.0, 45.0, -90.0], 'Bifurcation']
[115, 150, [90.0, -135.0, -45.0], 'Bifurcation']
[131, 97, [45.0, -180.0, -90.0], 'Bifurcation']
[161, 135, [90.0, -180.0, -90.0], 'Bifurcation']
[196, 75, [90.0, -180.0, -45.0], 'Bifurcation']
[242, 55, [90.0, -0.0, -90.0], 'Bifurcation']
[246, 284, [90.0, -180.0, -0.0], 'Bifurcation']
[273, 213, [45.0, -180.0, -45.0], 'Bifurcation']
[296, 194, [-180.0, -0.0, -90.0], 'Bifurcation']
[37, 130, [-153.434948822922], 'Termination']
[37, 186, [-45.0], 'Termination']
[38, 146, [-180.0], 'Termination']
[38, 173, [-0.0], 'Termination']
[56, 229, [116.56505117707799], 'Termination']
[70, 152, [26.56505117707799], 'Termination']
[76, 210, [135.0], 'Termination']
[112, 157, [-63.43494882292201], 'Termination']
[115, 190, [116.56505117707799], 'Termination']
[124, 157, [-63.43494882292201], 'Termination']
[124, 292, [-90.0], 'Termination']
[130, 225, [90.0], 'Termination']
[135, 284, [63.43494882292201], 'Termination']
[142, 294, [-90.0], 'Termination']
[160, 160, [116.56505117707799], 'Termination']
[161, 170, [63.43494882292201], 'Termination']
[175, 298, [-90.0], 'Termination']
[178, 194, [26.56505117707799], 'Termination']
[182, 168, [26.56505117707799], 'Termination']
[208, 175, [26.56505117707799], 'Termination']
[212, 225, [26.56505117707799], 'Termination']
[224, 286, [26.56505117707799], 'Termination']
[225, 132, [-26.56505117707799], 'Termination']
[232, 48, [-90.0], 'Termination']
[247, 205, [26.56505117707799], 'Termination']
[262, 133, [-26.56505117707799], 'Termination']
[270, 249, [26.56505117707799], 'Termination']
[281, 233, [-180.0], 'Termination']
[313, 258, [-0.0], 'Termination']
[324, 131, [-0.0], 'Termination']
[326, 154, [153.434948822922], 'Termination']
[329, 68, [-45.0], 'Termination']
[333, 232, [-0.0], 'Termination']
[44, 97, [90.0, -180.0, -90.0], 'Bifurcation']
[89, 71, [90.0, -0.0, -90.0], 'Bifurcation']
[96, 99, [90.0, -0.0, -90.0], 'Bifurcation']
[102, 142, [90.0, -0.0, -135.0], 'Bifurcation']
[109, 151, [90.0, -180.0, -45.0], 'Bifurcation']
[123, 152, [90.0, -180.0, -45.0], 'Bifurcation']
[126, 116, [90.0, -0.0, -135.0], 'Bifurcation']
[133, 96, [45.0, -180.0, -90.0], 'Bifurcation']
[137, 133, [90.0, -135.0, -45.0], 'Bifurcation']
[146, 135, [45.0, -0.0, -90.0], 'Bifurcation']
[146, 137, [135.0, -180.0, -45.0], 'Bifurcation']
[149, 182, [90.0, -180.0, -90.0], 'Bifurcation']
[153, 78, [45.0, -180.0, -90.0], 'Bifurcation']
[181, 119, [90.0, -180.0, -90.0], 'Bifurcation']
[183, 116, [135.0, 45.0, -0.0], 'Bifurcation']
[184, 118, [135.0, 90.0, -45.0], 'Bifurcation']
[264, 273, [90.0, -0.0, -135.0], 'Bifurcation']
[37, 173, [-0.0], 'Termination']
[38, 222, [-26.56505117707799], 'Termination']
[59, 126, [26.56505117707799], 'Termination']
[77, 210, [135.0], 'Termination']
[92, 133, [26.56505117707799], 'Termination']
[92, 201, [116.56505117707799], 'Termination']
[96, 190, [116.56505117707799], 'Termination']
[109, 148, [-0.0], 'Termination']
[111, 173, [116.56505117707799], 'Termination']
[123, 149, [-0.0], 'Termination']
[124, 279, [-116.56505117707799], 'Termination']
[134, 139, [-63.43494882292201], 'Termination']
[136, 171, [90.0], 'Termination']
[144, 178, [-90.0], 'Termination']
[151, 296, [-116.56505117707799], 'Termination']
[153, 208, [63.43494882292201], 'Termination']
[156, 267, [90.0], 'Termination']
[165, 285, [63.43494882292201], 'Termination']
[167, 297, [-116.56505117707799], 'Termination']
[181, 299, [-116.56505117707799], 'Termination']
[183, 155, [90.0], 'Termination']
[184, 145, [116.56505117707799], 'Termination']
[200, 180, [45.0], 'Termination']
[204, 153, [-0.0], 'Termination']
[206, 225, [63.43494882292201], 'Termination']
[210, 289, [-135.0], 'Termination']
[221, 52, [135.0], 'Termination']
[231, 158, [-0.0], 'Termination']
[235, 211, [26.56505117707799], 'Termination']
[241, 275, [45.0], 'Termination']
[249, 118, [-26.56505117707799], 'Termination']
[270, 195, [26.56505117707799], 'Termination']
[273, 54, [-26.56505117707799], 'Termination']
[283, 56, [-26.56505117707799], 'Termination']
[286, 122, [-26.56505117707799], 'Termination']
[292, 239, [26.56505117707799], 'Termination']
[299, 207, [-0.0], 'Termination']
[304, 222, [-180.0], 'Termination']
[318, 192, [26.56505117707799], 'Termination']
[333, 143, [153.434948822922], 'Termination']
[333, 251, [-0.0], 'Termination']
[54, 143, [90.0, -0.0, -90.0], 'Bifurcation']
[61, 124, [135.0, 45.0, -90.0], 'Bifurcation']
[65, 160, [90.0, -180.0, -45.0], 'Bifurcation']
[74, 163, [90.0, 45.0, -90.0], 'Bifurcation']
[73, 165, [135.0, -180.0, -45.0], 'Bifurcation']
[74, 208, [45.0, -180.0, -90.0], 'Bifurcation']
[82, 106, [45.0, -180.0, -90.0], 'Bifurcation']
[112, 146, [45.0, -180.0, -90.0], 'Bifurcation']
[192, 64, [90.0, -0.0, -90.0], 'Bifurcation']
[222, 223, [45.0, -180.0, -90.0], 'Bifurcation']
[306, 183, [-180.0, -0.0, -90.0], 'Bifurcation']
[36, 228, [-26.56505117707799], 'Termination']
[36, 240, [-63.43494882292201], 'Termination']
[36, 251, [-90.0], 'Termination']
[37, 98, [-90.0], 'Termination']
[37, 108, [-116.56505117707799], 'Termination']
[37, 158, [-153.434948822922], 'Termination']
[37, 215, [-0.0], 'Termination']
[61, 167, [-90.0], 'Termination']
[78, 235, [90.0], 'Termination']
[109, 172, [116.56505117707799], 'Termination']
[110, 182, [90.0], 'Termination']
[127, 205, [45.0], 'Termination']
[131, 178, [-0.0], 'Termination']
[132, 250, [63.43494882292201], 'Termination']
[146, 81, [135.0], 'Termination']
[157, 184, [-0.0], 'Termination']
[162, 235, [45.0], 'Termination']
[167, 54, [-45.0], 'Termination']
[176, 142, [-0.0], 'Termination']
[196, 214, [-0.0], 'Termination']
[211, 142, [-26.56505117707799], 'Termination']
[215, 49, [-63.43494882292201], 'Termination']
[220, 257, [26.56505117707799], 'Termination']
[226, 48, [-90.0], 'Termination']
[231, 241, [-180.0], 'Termination']
[240, 46, [-45.0], 'Termination']
[244, 205, [-0.0], 'Termination']
[263, 267, [-26.56505117707799], 'Termination']
[272, 286, [-153.434948822922], 'Termination']
[273, 138, [-26.56505117707799], 'Termination']
[275, 160, [153.434948822922], 'Termination']
[282, 236, [-0.0], 'Termination']
[284, 190, [-0.0], 'Termination']
[297, 68, [-63.43494882292201], 'Termination']
[300, 147, [-26.56505117707799], 'Termination']
[322, 238, [-180.0], 'Termination']
[330, 166, [153.434948822922], 'Termination']
[41, 177, [135.0, -0.0, -90.0], 'Bifurcation']
[46, 212, [90.0, 45.0, -90.0], 'Bifurcation']
[45, 214, [135.0, -180.0, -0.0], 'Bifurcation']
[53, 218, [90.0, -0.0, -135.0], 'Bifurcation']
[77, 120, [90.0, -180.0, -45.0], 'Bifurcation']
[92, 203, [90.0, -180.0, -90.0], 'Bifurcation']
[112, 234, [90.0, -180.0, -90.0], 'Bifurcation']
[176, 124, [90.0, -0.0, -90.0], 'Bifurcation']
[228, 94, [90.0, -0.0, -90.0], 'Bifurcation']
[251, 233, [45.0, -180.0, -90.0], 'Bifurcation']
[286, 246, [-180.0, -0.0, -90.0], 'Bifurcation']
[37, 112, [-45.0], 'Termination']
[37, 180, [-90.0], 'Termination']
[37, 197, [-116.56505117707799], 'Termination']
[38, 94, [-45.0], 'Termination']
[40, 271, [-63.43494882292201], 'Termination']
[44, 243, [-0.0], 'Termination']
[46, 232, [-26.56505117707799], 'Termination']
[59, 72, [135.0], 'Termination']
[61, 162, [90.0], 'Termination']
[94, 64, [-90.0], 'Termination']
[102, 264, [63.43494882292201], 'Termination']
[130, 138, [135.0], 'Termination']
[135, 99, [-63.43494882292201], 'Termination']
[135, 243, [-0.0], 'Termination']
[141, 296, [-135.0], 'Termination']
[150, 58, [-45.0], 'Termination']
[156, 202, [-26.56505117707799], 'Termination']
[167, 57, [-63.43494882292201], 'Termination']
[173, 275, [-0.0], 'Termination']
[191, 203, [-26.56505117707799], 'Termination']
[203, 288, [-0.0], 'Termination']
[207, 52, [-63.43494882292201], 'Termination']
[223, 268, [-0.0], 'Termination']
[233, 58, [-45.0], 'Termination']
[248, 302, [-180.0], 'Termination']
[253, 201, [-26.56505117707799], 'Termination']
[254, 63, [-45.0], 'Termination']
[254, 222, [153.434948822922], 'Termination']
[263, 252, [-26.56505117707799], 'Termination']
[279, 131, [-45.0], 'Termination']
[279, 209, [-26.56505117707799], 'Termination']
[289, 284, [153.434948822922], 'Termination']
[309, 263, [153.434948822922], 'Termination']
[319, 112, [135.0], 'Termination']
[326, 184, [153.434948822922], 'Termination']
[76, 80, [45.0, -180.0, -90.0], 'Bifurcation']
[130, 80, [90.0, -0.0, -90.0], 'Bifurcation']
[134, 183, [90.0, -180.0, -90.0], 'Bifurcation']
[137, 123, [90.0, -0.0, -135.0], 'Bifurcation']
[145, 184, [45.0, -180.0, -90.0], 'Bifurcation']
[153, 165, [90.0, -180.0, -90.0], 'Bifurcation']
[156, 263, [90.0, -180.0, -45.0], 'Bifurcation']
[160, 96, [90.0, 45.0, -90.0], 'Bifurcation']
[159, 98, [135.0, -180.0, -45.0], 'Bifurcation']
[165, 76, [135.0, -0.0, -90.0], 'Bifurcation']
[182, 116, [90.0, -0.0, -135.0], 'Bifurcation']
[188, 59, [45.0, -180.0, -90.0], 'Bifurcation']
[299, 254, [90.0, -180.0, -0.0], 'Bifurcation']
[39, 162, [-0.0], 'Termination']
[51, 231, [-26.56505117707799], 'Termination']
[57, 189, [-45.0], 'Termination']
[59, 256, [-45.0], 'Termination']
[66, 288, [116.56505117707799], 'Termination']
[79, 290, [135.0], 'Termination']
[91, 280, [-63.43494882292201], 'Termination']
[94, 108, [26.56505117707799], 'Termination']
[97, 291, [116.56505117707799], 'Termination']
[113, 192, [116.56505117707799], 'Termination']
[121, 59, [90.0], 'Termination']
[126, 114, [-0.0], 'Termination']
[133, 172, [135.0], 'Termination']
[158, 297, [-116.56505117707799], 'Termination']
[172, 54, [-90.0], 'Termination']
[173, 153, [116.56505117707799], 'Termination']
[189, 300, [-116.56505117707799], 'Termination']
[190, 188, [90.0], 'Termination']
[190, 247, [90.0], 'Termination']
[193, 52, [-90.0], 'Termination']
[199, 266, [90.0], 'Termination']
[215, 99, [116.56505117707799], 'Termination']
[217, 123, [116.56505117707799], 'Termination']
[219, 134, [90.0], 'Termination']
[226, 48, [-90.0], 'Termination']
[236, 159, [63.43494882292201], 'Termination']
[239, 131, [-0.0], 'Termination']
[241, 47, [-63.43494882292201], 'Termination']
[242, 205, [63.43494882292201], 'Termination']
[244, 270, [-153.434948822922], 'Termination']
[267, 138, [-0.0], 'Termination']
[270, 192, [26.56505117707799], 'Termination']
[275, 256, [45.0], 'Termination']
[276, 46, [-45.0], 'Termination']
[285, 98, [-26.56505117707799], 'Termination']
[290, 287, [-135.0], 'Termination']
[306, 176, [26.56505117707799], 'Termination']
[311, 275, [-135.0], 'Termination']
[317, 101, [153.434948822922], 'Termination']
[324, 158, [-180.0], 'Termination']
[325, 172, [-0.0], 'Termination']
[327, 220, [26.56505117707799], 'Termination']
[331, 180, [-0.0], 'Termination']
[76, 149, [90.0, -0.0, -90.0], 'Bifurcation']
[78, 259, [90.0, -0.0, -135.0], 'Bifurcation']
[82, 191, [135.0, -0.0, -135.0], 'Bifurcation']
[86, 262, [135.0, 45.0, -90.0], 'Bifurcation']
[105, 166, [90.0, -0.0, -135.0], 'Bifurcation']
[112, 145, [90.0, -0.0, -90.0], 'Bifurcation']
[118, 182, [90.0, -180.0, -45.0], 'Bifurcation']
[126, 185, [90.0, -0.0, -135.0], 'Bifurcation']
[141, 87, [90.0, -180.0, -90.0], 'Bifurcation']
[187, 197, [45.0, -180.0, -90.0], 'Bifurcation']
[38, 194, [-0.0], 'Termination']
[38, 214, [-0.0], 'Termination']
[38, 248, [-45.0], 'Termination']
[39, 122, [-116.56505117707799], 'Termination']
[57, 259, [116.56505117707799], 'Termination']
[68, 127, [63.43494882292201], 'Termination']
[72, 182, [26.56505117707799], 'Termination']
[74, 251, [116.56505117707799], 'Termination']
[93, 224, [135.0], 'Termination']
[101, 88, [90.0], 'Termination']
[114, 188, [-63.43494882292201], 'Termination']
[118, 221, [90.0], 'Termination']
[121, 64, [-63.43494882292201], 'Termination']
[130, 130, [90.0], 'Termination']
[134, 257, [90.0], 'Termination']
[155, 65, [-63.43494882292201], 'Termination']
[162, 169, [116.56505117707799], 'Termination']
[163, 193, [116.56505117707799], 'Termination']
[164, 203, [90.0], 'Termination']
[182, 226, [45.0], 'Termination']
[186, 272, [45.0], 'Termination']
[197, 102, [135.0], 'Termination']
[207, 300, [-153.434948822922], 'Termination']
[211, 205, [-0.0], 'Termination']
[216, 257, [45.0], 'Termination']
[229, 165, [-26.56505117707799], 'Termination']
[243, 294, [-153.434948822922], 'Termination']
[250, 238, [-0.0], 'Termination']
[268, 161, [153.434948822922], 'Termination']
[275, 281, [26.56505117707799], 'Termination']
[280, 250, [-0.0], 'Termination']
[284, 99, [-45.0], 'Termination']
[295, 139, [-45.0], 'Termination']
[299, 232, [-0.0], 'Termination']
[309, 224, [153.434948822922], 'Termination']
[312, 239, [-0.0], 'Termination']
[89, 117, [90.0, -0.0, -90.0], 'Bifurcation']
[91, 226, [90.0, -0.0, -90.0], 'Bifurcation']
[94, 219, [90.0, -180.0, -90.0], 'Bifurcation']
[96, 160, [90.0, -180.0, -0.0], 'Bifurcation']
[100, 230, [45.0, -180.0, -90.0], 'Bifurcation']
[124, 113, [135.0, -0.0, -90.0], 'Bifurcation']
[128, 150, [90.0, -135.0, -45.0], 'Bifurcation']
[137, 196, [135.0, 45.0, -90.0], 'Bifurcation']
[177, 134, [90.0, -180.0, -90.0], 'Bifurcation']
[38, 144, [-153.434948822922], 'Termination']
[38, 179, [-26.56505117707799], 'Termination']
[38, 267, [-26.56505117707799], 'Termination']
[52, 146, [26.56505117707799], 'Termination']
[72, 229, [116.56505117707799], 'Termination']
[79, 95, [63.43494882292201], 'Termination']
[85, 151, [26.56505117707799], 'Termination']
[119, 136, [63.43494882292201], 'Termination']
[123, 293, [-116.56505117707799], 'Termination']
[127, 156, [-90.0], 'Termination']
[141, 97, [90.0], 'Termination']
[144, 151, [-90.0], 'Termination']
[146, 296, [-90.0], 'Termination']
[149, 224, [90.0], 'Termination']
[152, 281, [90.0], 'Termination']
[167, 298, [-116.56505117707799], 'Termination']
[176, 159, [116.56505117707799], 'Termination']
[178, 169, [63.43494882292201], 'Termination']
[188, 299, [-116.56505117707799], 'Termination']
[196, 191, [45.0], 'Termination']
[197, 165, [-0.0], 'Termination']
[202, 237, [63.43494882292201], 'Termination']
[206, 65, [135.0], 'Termination']
[224, 169, [-0.0], 'Termination']
[231, 221, [45.0], 'Termination']
[240, 128, [-45.0], 'Termination']
[240, 284, [63.43494882292201], 'Termination']
[251, 298, [-153.434948822922], 'Termination']
[255, 55, [-45.0], 'Termination']
[258, 281, [45.0], 'Termination']
[264, 201, [-0.0], 'Termination']
[275, 127, [-26.56505117707799], 'Termination']
[289, 243, [26.56505117707799], 'Termination']
[294, 210, [-0.0], 'Termination']
[297, 62, [-26.56505117707799], 'Termination']
[301, 226, [153.434948822922], 'Termination']
[312, 191, [-0.0], 'Termination']
[335, 117, [-26.56505117707799], 'Termination']