[94, 171, [90.0, -180.0, -90.0], 'Bifurcation']
[132, 104, [90.0, -0.0, -135.0], 'Bifurcation']
[134, 160, [90.0, -0.0, -90.0], 'Bifurcation']
[134, 146, [135.0, -0.0, -90.0], 'Bifurcation']
[143, 152, [90.0, -180.0, -90.0], 'Bifurcation']
[145, 166, [45.0, -180.0, -90.0], 'Bifurcation']
[145, 210, [135.0, -0.0, -135.0], 'Bifurcation']
[149, 154, [90.0, -0.0, -90.0], 'Bifurcation']
[150, 166, [45.0, -0.0, -90.0], 'Bifurcation']
[151, 169, [135.0, -180.0, -45.0], 'Bifurcation']
[152, 166, [90.0, -0.0, -90.0], 'Bifurcation']
[155, 158, [90.0, -180.0, -90.0], 'Bifurcation']
[156, 168, [-0.0, -135.0, -90.0], 'Bifurcation']
[155, 212, [45.0, -180.0, -90.0], 'Bifurcation']
[157, 127, [90.0, -180.0, -45.0], 'Bifurcation']
[160, 135, [90.0, 45.0, -90.0], 'Bifurcation']
[159, 137, [135.0, -180.0, -0.0], 'Bifurcation']
[166, 170, [135.0, 45.0, -90.0], 'Bifurcation']
[210, 156, [135.0, 45.0, -135.0], 'Bifurcation']
[217, 153, [90.0, -0.0, -135.0], 'Bifurcation']
[233, 95, [90.0, -0.0, -90.0], 'Bifurcation']
[247, 214, [90.0, -0.0, -135.0], 'Bifurcation']
[274, 205, [90.0, -180.0, -0.0], 'Bifurcation']
[53, 145, [-0.0], 'Termination']
[61, 138, [-0.0], 'Termination']
[61, 157, [-180.0], 'Termination']
[66, 230, [-63.43494882292201], 'Termination']
[71, 132, [26.56505117707799], 'Termination']
[96, 251, [-90.0], 'Termination']
[113, 256, [116.56505117707799], 'Termination']
[122, 81, [-90.0], 'Termination']
[123, 160, [135.0], 'Termination']
[134, 203, [116.56505117707799], 'Termination']
[140, 217, [116.56505117707799], 'Termination']
[143, 82, [90.0], 'Termination']
[147, 68, [-90.0], 'Termination']
[155, 278, [-90.0], 'Termination']
[200, 238, [63.43494882292201], 'Termination']
[208, 174, [90.0], 'Termination']
[217, 134, [-63.43494882292201], 'Termination']
[221, 208, [45.0], 'Termination']
[227, 184, [26.56505117707799], 'Termination']
[228, 49, [116.56505117707799], 'Termination']
[233, 128, [135.0], 'Termination']
[238, 48, [-90.0], 'Termination']
[252, 88, [116.56505117707799], 'Termination']
[278, 237, [-153.434948822922], 'Termination']
[290, 121, [-26.56505117707799], 'Termination']
[292, 102, [153.434948822922], 'Termination']
[295, 49, [-26.56505117707799], 'Termination']
[295, 60, [153.434948822922], 'Termination']
[307, 50, [-26.56505117707799], 'Termination']
[322, 75, [-26.56505117707799], 'Termination']
[324, 59, [135.0], 'Termination']
[62, 237, [90.0, -135.0, -45.0], 'Bifurcation']
[112, 265, [135.0, -0.0, -90.0], 'Bifurcation']
[120, 261, [90.0, -0.0, -135.0], 'Bifurcation']
[133, 203, [90.0, -0.0, -90.0], 'Bifurcation']
[252, 215, [90.0, -180.0, -0.0], 'Bifurcation']
[263, 165, [90.0, -180.0, -45.0], 'Bifurcation']
[265, 167, [135.0, -0.0, -90.0], 'Bifurcation']
[278, 164, [90.0, -180.0, -45.0], 'Bifurcation']
[39, 218, [-135.0], 'Termination']
[39, 268, [-45.0], 'Termination']
[46, 252, [-90.0], 'Termination']
[49, 195, [90.0], 'Termination']
[51, 147, [-90.0], 'Termination']
[72, 180, [116.56505117707799], 'Termination']
[94, 131, [-90.0], 'Termination']
[105, 292, [-116.56505117707799], 'Termination']
[107, 150, [90.0], 'Termination']
[107, 161, [-90.0], 'Termination']
[108, 125, [-90.0], 'Termination']
[113, 281, [45.0], 'Termination']
[115, 264, [63.43494882292201], 'Termination']
[118, 243, [-63.43494882292201], 'Termination']
[132, 160, [116.56505117707799], 'Termination']
[134, 236, [135.0], 'Termination']
[153, 197, [116.56505117707799], 'Termination']
[190, 226, [-0.0], 'Termination']
[191, 208, [153.434948822922], 'Termination']
[205, 286, [-180.0], 'Termination']
[219, 179, [-45.0], 'Termination']
[221, 166, [153.434948822922], 'Termination']
[233, 270, [-180.0], 'Termination']
[235, 142, [-45.0], 'Termination']
[242, 107, [135.0], 'Termination']
[249, 196, [153.434948822922], 'Termination']
[249, 214, [-63.43494882292201], 'Termination']
[257, 163, [-63.43494882292201], 'Termination']
[267, 111, [153.434948822922], 'Termination']
[267, 126, [153.434948822922], 'Termination']
[283, 202, [-180.0], 'Termination']
[284, 155, [135.0], 'Termination']
[62, 237, [90.0, -135.0, -45.0], 'Bifurcation']
[112, 265, [135.0, -0.0, -90.0], 'Bifurcation']
[120, 261, [90.0, -0.0, -135.0], 'Bifurcation']
[133, 203, [90.0, -0.0, -90.0], 'Bifurcation']
[252, 215, [90.0, -180.0, -0.0], 'Bifurcation']
[263, 165, [90.0, -180.0, -45.0], 'Bifurcation']
[265, 167, [135.0, -0.0, -90.0], 'Bifurcation']
[278, 164, [90.0, -180.0, -45.0], 'Bifurcation']
[39, 218, [-135.0], 'Termination']
[39, 268, [-45.0], 'Termination']
[46, 252, [-90.0], 'Termination']
[49, 195, [90.0], 'Termination']
[51, 147, [-90.0], 'Termination']
[72, 180, [116.56505117707799], 'Termination']
[94, 131, [-90.0], 'Termination']
[105, 292, [-116.56505117707799], 'Termination']
[107, 150, [90.0], 'Termination']
[107, 161, [-90.0], 'Termination']
[108, 125, [-90.0], 'Termination']
[113, 281, [45.0], 'Termination']
[115, 264, [63.43494882292201], 'Termination']
[118, 243, [-63.43494882292201], 'Termination']
[132, 160, [116.56505117707799], 'Termination']
[134, 236, [135.0], 'Termination']
[153, 197, [116.56505117707799], 'Termination']
[190, 226, [-0.0], 'Termination']
[191, 208, [153.434948822922], 'Termination']
[205, 286, [-180.0], 'Termination']
[219, 179, [-45.0], 'Termination']
[221, 166, [153.434948822922], 'Termination']
[233, 270, [-180.0], 'Termination']
[235, 142, [-45.0], 'Termination']
[242, 107, [135.0], 'Termination']
[249, 196, [153.434948822922], 'Termination']
[249, 214, [-63.43494882292201], 'Termination']
[257, 163, [-63.43494882292201], 'Termination']
[267, 111, [153.434948822922], 'Termination']
[267, 126, [153.434948822922], 'Termination']
[283, 202, [-180.0], 'Termination']
[284, 155, [135.0], 'Termination']
[93, 186, [135.0, -0.0, -135.0], 'Bifurcation']
[104, 282, [90.0, -0.0, -90.0], 'Bifurcation']
[125, 203, [90.0, -180.0, -45.0], 'Bifurcation']
[159, 188, [135.0, -0.0, -90.0], 'Bifurcation']
[187, 111, [135.0, 45.0, -90.0], 'Bifurcation']
[196, 185, [45.0, -0.0, -90.0], 'Bifurcation']
[196, 187, [135.0, -180.0, -45.0], 'Bifurcation']
[199, 177, [90.0, -180.0, -45.0], 'Bifurcation']
[240, 216, [45.0, -180.0, -90.0], 'Bifurcation']
[247, 217, [135.0, -0.0, -135.0], 'Bifurcation']
[249, 214, [135.0, -0.0, -135.0], 'Bifurcation']
[253, 226, [-180.0, -0.0, -90.0], 'Bifurcation']
[254, 239, [45.0, -0.0, -90.0], 'Bifurcation']
[254, 241, [135.0, -180.0, -0.0], 'Bifurcation']
[54, 271, [153.434948822922], 'Termination']
[58, 142, [26.56505117707799], 'Termination']
[73, 128, [26.56505117707799], 'Termination']
[76, 172, [-26.56505117707799], 'Termination']
[84, 254, [-45.0], 'Termination']
[90, 153, [-153.434948822922], 'Termination']
[96, 117, [45.0], 'Termination']
[97, 288, [116.56505117707799], 'Termination']
[138, 103, [-116.56505117707799], 'Termination']
[138, 121, [90.0], 'Termination']
[155, 199, [153.434948822922], 'Termination']
[156, 241, [116.56505117707799], 'Termination']
[160, 257, [116.56505117707799], 'Termination']
[166, 177, [-116.56505117707799], 'Termination']
[174, 157, [63.43494882292201], 'Termination']
[178, 186, [-63.43494882292201], 'Termination']
[186, 69, [-90.0], 'Termination']
[189, 185, [-90.0], 'Termination']
[196, 133, [90.0], 'Termination']
[211, 297, [90.0], 'Termination']
[222, 124, [116.56505117707799], 'Termination']
[235, 232, [90.0], 'Termination']
[238, 75, [-63.43494882292201], 'Termination']
[244, 268, [63.43494882292201], 'Termination']
[254, 197, [-45.0], 'Termination']
[265, 114, [-63.43494882292201], 'Termination']
[267, 104, [116.56505117707799], 'Termination']
[268, 225, [45.0], 'Termination']
[270, 192, [135.0], 'Termination']
[283, 85, [-63.43494882292201], 'Termination']
[283, 170, [-26.56505117707799], 'Termination']
[288, 119, [135.0], 'Termination']
[299, 159, [135.0], 'Termination']
[330, 199, [-0.0], 'Termination']
[332, 170, [153.434948822922], 'Termination']
[59, 195, [45.0, -180.0, -90.0], 'Bifurcation']
[71, 205, [90.0, -180.0, -0.0], 'Bifurcation']
[107, 195, [-180.0, -0.0, -90.0], 'Bifurcation']
[146, 185, [90.0, -180.0, -45.0], 'Bifurcation']
[183, 227, [45.0, -180.0, -90.0], 'Bifurcation']
[205, 70, [90.0, -0.0, -135.0], 'Bifurcation']
[41, 151, [-153.434948822922], 'Termination']
[46, 132, [45.0], 'Termination']
[49, 260, [135.0], 'Termination']
[67, 213, [-26.56505117707799], 'Termination']
[88, 70, [116.56505117707799], 'Termination']
[94, 123, [90.0], 'Termination']
[98, 246, [135.0], 'Termination']
[99, 260, [116.56505117707799], 'Termination']
[101, 112, [-90.0], 'Termination']
[102, 205, [135.0], 'Termination']
[119, 105, [-90.0], 'Termination']
[123, 164, [90.0], 'Termination']
[132, 284, [116.56505117707799], 'Termination']
[138, 115, [90.0], 'Termination']
[144, 199, [-63.43494882292201], 'Termination']
[148, 142, [90.0], 'Termination']
[175, 135, [116.56505117707799], 'Termination']
[178, 243, [90.0], 'Termination']
[192, 259, [63.43494882292201], 'Termination']
[197, 209, [-45.0], 'Termination']
[198, 272, [-63.43494882292201], 'Termination']
[204, 299, [-90.0], 'Termination']
[214, 206, [153.434948822922], 'Termination']
[215, 299, [90.0], 'Termination']
[226, 182, [-26.56505117707799], 'Termination']
[231, 110, [-63.43494882292201], 'Termination']
[239, 136, [135.0], 'Termination']
[247, 179, [153.434948822922], 'Termination']
[261, 263, [-153.434948822922], 'Termination']
[272, 258, [-153.434948822922], 'Termination']
[273, 219, [-0.0], 'Termination']
[282, 120, [-26.56505117707799], 'Termination']
[298, 164, [153.434948822922], 'Termination']
[315, 221, [-180.0], 'Termination']
[322, 136, [-0.0], 'Termination']
[81, 228, [90.0, -180.0, -0.0], 'Bifurcation']
[117, 228, [90.0, -180.0, -90.0], 'Bifurcation']
[141, 116, [135.0, 45.0, -90.0], 'Bifurcation']
[152, 217, [90.0, -0.0, -90.0], 'Bifurcation']
[154, 207, [90.0, -0.0, -135.0], 'Bifurcation']
[184, 119, [90.0, -180.0, -90.0], 'Bifurcation']
[195, 249, [135.0, 45.0, -90.0], 'Bifurcation']
[199, 80, [90.0, -180.0, -0.0], 'Bifurcation']
[202, 93, [90.0, -180.0, -45.0], 'Bifurcation']
[201, 246, [135.0, -0.0, -45.0], 'Bifurcation']
[203, 248, [135.0, -180.0, -0.0], 'Bifurcation']
[207, 128, [90.0, -0.0, -90.0], 'Bifurcation']
[220, 254, [45.0, -135.0, -45.0], 'Bifurcation']
[247, 160, [90.0, -180.0, -90.0], 'Bifurcation']
[43, 229, [153.434948822922], 'Termination']
[44, 145, [-135.0], 'Termination']
[50, 168, [-153.434948822922], 'Termination']
[59, 248, [153.434948822922], 'Termination']
[61, 163, [-0.0], 'Termination']
[66, 223, [-26.56505117707799], 'Termination']
[78, 237, [-26.56505117707799], 'Termination']
[80, 270, [116.56505117707799], 'Termination']
[87, 179, [45.0], 'Termination']
[88, 70, [116.56505117707799], 'Termination']
[90, 121, [90.0], 'Termination']
[109, 279, [116.56505117707799], 'Termination']
[110, 268, [135.0], 'Termination']
[112, 289, [90.0], 'Termination']
[116, 225, [-26.56505117707799], 'Termination']
[127, 289, [-63.43494882292201], 'Termination']
[132, 186, [90.0], 'Termination']
[143, 97, [-90.0], 'Termination']
[148, 142, [90.0], 'Termination']
[156, 162, [90.0], 'Termination']
[174, 134, [135.0], 'Termination']
[175, 113, [-63.43494882292201], 'Termination']
[175, 146, [-90.0], 'Termination']
[185, 156, [135.0], 'Termination']
[189, 264, [90.0], 'Termination']
[195, 91, [-63.43494882292201], 'Termination']
[203, 103, [135.0], 'Termination']
[206, 89, [-90.0], 'Termination']
[206, 278, [45.0], 'Termination']
[207, 231, [-45.0], 'Termination']
[212, 260, [-135.0], 'Termination']
[215, 54, [63.43494882292201], 'Termination']
[221, 117, [135.0], 'Termination']
[223, 226, [135.0], 'Termination']
[234, 130, [135.0], 'Termination']
[234, 203, [-45.0], 'Termination']
[255, 197, [135.0], 'Termination']
[262, 47, [90.0], 'Termination']
[262, 137, [-45.0], 'Termination']
[283, 236, [-0.0], 'Termination']
[284, 145, [-26.56505117707799], 'Termination']
[289, 217, [-180.0], 'Termination']
[298, 149, [-26.56505117707799], 'Termination']
[304, 178, [153.434948822922], 'Termination']
[310, 287, [-135.0], 'Termination']
[329, 207, [-0.0], 'Termination']
[333, 186, [153.434948822922], 'Termination']
[93, 153, [45.0, -180.0, -90.0], 'Bifurcation']
[106, 165, [90.0, -180.0, -0.0], 'Bifurcation']
[116, 239, [90.0, -0.0, -90.0], 'Bifurcation']
[124, 233, [90.0, -180.0, -90.0], 'Bifurcation']
[164, 124, [-180.0, -0.0, -90.0], 'Bifurcation']
[168, 234, [135.0, -0.0, -90.0], 'Bifurcation']
[178, 141, [45.0, -0.0, -90.0], 'Bifurcation']
[178, 143, [135.0, -180.0, -45.0], 'Bifurcation']
[208, 287, [90.0, -180.0, -90.0], 'Bifurcation']
[217, 185, [135.0, 45.0, -90.0], 'Bifurcation']
[226, 184, [90.0, -0.0, -135.0], 'Bifurcation']
[50, 234, [-26.56505117707799], 'Termination']
[58, 149, [-180.0], 'Termination']
[59, 209, [-0.0], 'Termination']
[60, 132, [26.56505117707799], 'Termination']
[69, 183, [153.434948822922], 'Termination']
[72, 142, [-180.0], 'Termination']
[90, 70, [90.0], 'Termination']
[92, 112, [45.0], 'Termination']
[93, 271, [-63.43494882292201], 'Termination']
[117, 262, [135.0], 'Termination']
[130, 251, [-63.43494882292201], 'Termination']
[132, 281, [-90.0], 'Termination']
[133, 204, [116.56505117707799], 'Termination']
[134, 162, [153.434948822922], 'Termination']
[135, 218, [116.56505117707799], 'Termination']
[139, 292, [-90.0], 'Termination']
[144, 85, [-116.56505117707799], 'Termination']
[169, 257, [-90.0], 'Termination']
[176, 157, [-90.0], 'Termination']
[182, 77, [-90.0], 'Termination']
[182, 98, [90.0], 'Termination']
[189, 264, [90.0], 'Termination']
[210, 263, [-153.434948822922], 'Termination']
[212, 92, [116.56505117707799], 'Termination']
[212, 201, [90.0], 'Termination']
[219, 236, [90.0], 'Termination']
[220, 185, [90.0], 'Termination']
[229, 166, [-45.0], 'Termination']
[229, 215, [45.0], 'Termination']
[234, 197, [-135.0], 'Termination']
[240, 69, [-90.0], 'Termination']
[244, 196, [45.0], 'Termination']
[247, 164, [153.434948822922], 'Termination']
[249, 85, [-63.43494882292201], 'Termination']
[253, 48, [90.0], 'Termination']
[257, 245, [-116.56505117707799], 'Termination']
[258, 140, [-45.0], 'Termination']
[261, 67, [-90.0], 'Termination']
[273, 92, [135.0], 'Termination']
[275, 239, [-153.434948822922], 'Termination']
[281, 136, [135.0], 'Termination']
[286, 239, [-153.434948822922], 'Termination']
[288, 73, [-45.0], 'Termination']
[296, 238, [-153.434948822922], 'Termination']
[305, 76, [-45.0], 'Termination']
[306, 173, [-0.0], 'Termination']
[309, 233, [-153.434948822922], 'Termination']
[314, 156, [153.434948822922], 'Termination']
[317, 77, [-45.0], 'Termination']
[324, 224, [-180.0], 'Termination']
[331, 82, [-45.0], 'Termination']
[331, 119, [153.434948822922], 'Termination']
[73, 155, [90.0, -180.0, -0.0], 'Bifurcation']
[90, 191, [135.0, -0.0, -90.0], 'Bifurcation']
[109, 199, [45.0, -180.0, -45.0], 'Bifurcation']
[122, 212, [90.0, -180.0, -0.0], 'Bifurcation']
[157, 186, [90.0, -180.0, -45.0], 'Bifurcation']
[157, 200, [-180.0, -0.0, -90.0], 'Bifurcation']
[196, 189, [90.0, -180.0, -0.0], 'Bifurcation']
[235, 231, [90.0, -180.0, -90.0], 'Bifurcation']
[244, 229, [135.0, -0.0, -135.0], 'Bifurcation']
[275, 181, [135.0, -0.0, -90.0], 'Bifurcation']
[43, 253, [-45.0], 'Termination']
[45, 154, [26.56505117707799], 'Termination']
[48, 235, [-180.0], 'Termination']
[59, 246, [-180.0], 'Termination']
[60, 138, [26.56505117707799], 'Termination']
[74, 129, [45.0], 'Termination']
[75, 171, [-0.0], 'Termination']
[84, 130, [26.56505117707799], 'Termination']
[88, 70, [116.56505117707799], 'Termination']
[91, 269, [-63.43494882292201], 'Termination']
[117, 217, [-0.0], 'Termination']
[125, 278, [-63.43494882292201], 'Termination']
[139, 292, [-90.0], 'Termination']
[148, 84, [-90.0], 'Termination']
[149, 250, [116.56505117707799], 'Termination']
[150, 264, [116.56505117707799], 'Termination']
[151, 209, [135.0], 'Termination']
[152, 195, [-63.43494882292201], 'Termination']
[162, 193, [-90.0], 'Termination']
[174, 169, [90.0], 'Termination']
[174, 199, [-90.0], 'Termination']
[183, 118, [90.0], 'Termination']
[185, 197, [-63.43494882292201], 'Termination']
[194, 203, [-63.43494882292201], 'Termination']
[197, 146, [90.0], 'Termination']
[221, 294, [-116.56505117707799], 'Termination']
[225, 139, [116.56505117707799], 'Termination']
[231, 246, [90.0], 'Termination']
[232, 297, [-116.56505117707799], 'Termination']
[233, 281, [63.43494882292201], 'Termination']
[238, 230, [63.43494882292201], 'Termination']
[245, 261, [63.43494882292201], 'Termination']
[246, 79, [90.0], 'Termination']
[246, 298, [45.0], 'Termination']
[248, 212, [-45.0], 'Termination']
[253, 48, [90.0], 'Termination']
[260, 290, [-116.56505117707799], 'Termination']
[265, 132, [-63.43494882292201], 'Termination']
[266, 210, [135.0], 'Termination']
[277, 286, [-135.0], 'Termination']
[289, 139, [135.0], 'Termination']
[289, 284, [-116.56505117707799], 'Termination']
[297, 181, [135.0], 'Termination']
[298, 126, [-45.0], 'Termination']
[306, 276, [-135.0], 'Termination']
[312, 128, [-45.0], 'Termination']
[323, 221, [-0.0], 'Termination']
[329, 134, [-26.56505117707799], 'Termination']
[114, 161, [90.0, -180.0, -0.0], 'Bifurcation']
[125, 182, [90.0, -180.0, -45.0], 'Bifurcation']
[136, 101, [90.0, 45.0, -90.0], 'Bifurcation']
[135, 103, [135.0, -180.0, -0.0], 'Bifurcation']
[164, 251, [90.0, -0.0, -135.0], 'Bifurcation']
[181, 266, [90.0, -180.0, -0.0], 'Bifurcation']
[190, 258, [90.0, -0.0, -90.0], 'Bifurcation']
[190, 262, [90.0, -180.0, -90.0], 'Bifurcation']
[193, 71, [90.0, -0.0, -135.0], 'Bifurcation']
[198, 203, [90.0, -180.0, -90.0], 'Bifurcation']
[206, 255, [135.0, 45.0, -90.0], 'Bifurcation']
[230, 99, [90.0, -0.0, -135.0], 'Bifurcation']
[42, 182, [-0.0], 'Termination']
[43, 252, [-26.56505117707799], 'Termination']
[46, 172, [-180.0], 'Termination']
[47, 81, [153.434948822922], 'Termination']
[52, 185, [-180.0], 'Termination']
[79, 70, [-116.56505117707799], 'Termination']
[87, 176, [153.434948822922], 'Termination']
[90, 70, [90.0], 'Termination']
[106, 125, [63.43494882292201], 'Termination']
[117, 290, [90.0], 'Termination']
[123, 176, [-26.56505117707799], 'Termination']
[127, 288, [-63.43494882292201], 'Termination']
[140, 139, [116.56505117707799], 'Termination']
[145, 238, [90.0], 'Termination']
[158, 173, [-63.43494882292201], 'Termination']
[162, 116, [90.0], 'Termination']
[164, 157, [-90.0], 'Termination']
[165, 95, [-63.43494882292201], 'Termination']
[171, 250, [116.56505117707799], 'Termination']
[195, 111, [135.0], 'Termination']
[197, 75, [116.56505117707799], 'Termination']
[197, 217, [63.43494882292201], 'Termination']
[207, 262, [-90.0], 'Termination']
[210, 184, [-63.43494882292201], 'Termination']
[210, 233, [45.0], 'Termination']
[220, 254, [-135.0], 'Termination']
[229, 182, [153.434948822922], 'Termination']
[232, 279, [63.43494882292201], 'Termination']
[240, 156, [-26.56505117707799], 'Termination']
[256, 111, [135.0], 'Termination']
[261, 152, [135.0], 'Termination']
[262, 273, [45.0], 'Termination']
[268, 90, [-45.0], 'Termination']
[268, 292, [-116.56505117707799], 'Termination']
[285, 95, [-45.0], 'Termination']
[288, 190, [-0.0], 'Termination']
[290, 44, [-116.56505117707799], 'Termination']
[294, 169, [153.434948822922], 'Termination']
[297, 96, [-45.0], 'Termination']
[302, 244, [-153.434948822922], 'Termination']
[311, 99, [-45.0], 'Termination']
[312, 135, [135.0], 'Termination']
[317, 238, [-180.0], 'Termination']
[320, 273, [-63.43494882292201], 'Termination']
[321, 100, [-26.56505117707799], 'Termination']
[329, 236, [-180.0], 'Termination']
[334, 165, [-26.56505117707799], 'Termination']
[43, 151, [135.0, -0.0, -90.0], 'Bifurcation']
[47, 166, [90.0, -0.0, -135.0], 'Bifurcation']
[81, 166, [-180.0, -0.0, -90.0], 'Bifurcation']
[98, 103, [135.0, -0.0, -90.0], 'Bifurcation']
[161, 249, [135.0, -0.0, -90.0], 'Bifurcation']
[163, 106, [135.0, -0.0, -135.0], 'Bifurcation']
[168, 123, [-180.0, -0.0, -90.0], 'Bifurcation']
[177, 131, [90.0, -180.0, -90.0], 'Bifurcation']
[203, 98, [45.0, -0.0, -90.0], 'Bifurcation']
[242, 142, [45.0, -180.0, -90.0], 'Bifurcation']
[251, 141, [135.0, -0.0, -135.0], 'Bifurcation']
[264, 207, [90.0, -0.0, -135.0], 'Bifurcation']
[283, 92, [90.0, -0.0, -90.0], 'Bifurcation']
[41, 146, [-0.0], 'Termination']
[42, 162, [-26.56505117707799], 'Termination']
[58, 211, [-26.56505117707799], 'Termination']
[64, 242, [-180.0], 'Termination']
[71, 233, [-26.56505117707799], 'Termination']
[75, 191, [-45.0], 'Termination']
[79, 248, [153.434948822922], 'Termination']
[83, 87, [-0.0], 'Termination']
[84, 209, [-45.0], 'Termination']
[91, 68, [-153.434948822922], 'Termination']
[91, 240, [-45.0], 'Termination']
[91, 250, [135.0], 'Termination']
[108, 194, [-63.43494882292201], 'Termination']
[115, 60, [45.0], 'Termination']
[122, 202, [116.56505117707799], 'Termination']
[125, 128, [-0.0], 'Termination']
[129, 59, [63.43494882292201], 'Termination']
[144, 277, [-90.0], 'Termination']
[152, 269, [-90.0], 'Termination']
[153, 285, [-90.0], 'Termination']
[157, 162, [135.0], 'Termination']
[159, 176, [116.56505117707799], 'Termination']
[160, 120, [135.0], 'Termination']
[171, 98, [-116.56505117707799], 'Termination']
[171, 248, [90.0], 'Termination']
[172, 111, [-63.43494882292201], 'Termination']
[183, 77, [90.0], 'Termination']
[184, 108, [-63.43494882292201], 'Termination']
[194, 107, [-63.43494882292201], 'Termination']
[197, 261, [-90.0], 'Termination']
[203, 114, [-90.0], 'Termination']
[214, 215, [90.0], 'Termination']
[237, 157, [90.0], 'Termination']
[240, 47, [-116.56505117707799], 'Termination']
[240, 193, [63.43494882292201], 'Termination']
[241, 260, [63.43494882292201], 'Termination']
[250, 173, [45.0], 'Termination']
[257, 124, [-26.56505117707799], 'Termination']
[273, 121, [135.0], 'Termination']
[284, 242, [-116.56505117707799], 'Termination']
[287, 208, [26.56505117707799], 'Termination']
[297, 49, [135.0], 'Termination']
[301, 237, [-135.0], 'Termination']
[305, 93, [135.0], 'Termination']
[330, 135, [-0.0], 'Termination']