[84, 139, [90.0, -0.0, -135.0], 'Bifurcation']
[121, 174, [-180.0, -0.0, -90.0], 'Bifurcation']
[122, 154, [45.0, -0.0, -90.0], 'Bifurcation']
[122, 156, [135.0, -180.0, -0.0], 'Bifurcation']
[143, 176, [90.0, -180.0, -0.0], 'Bifurcation']
[154, 185, [45.0, -180.0, -90.0], 'Bifurcation']
[165, 202, [90.0, -180.0, -90.0], 'Bifurcation']
[167, 153, [90.0, -0.0, -90.0], 'Bifurcation']
[171, 187, [90.0, -180.0, -0.0], 'Bifurcation']
[175, 228, [45.0, -180.0, -90.0], 'Bifurcation']
[182, 185, [90.0, -0.0, -135.0], 'Bifurcation']
[202, 258, [135.0, -0.0, -90.0], 'Bifurcation']
[44, 149, [-135.0], 'Termination']
[45, 174, [-0.0], 'Termination']
[48, 247, [153.434948822922], 'Termination']
[51, 271, [116.56505117707799], 'Termination']
[60, 251, [135.0], 'Termination']
[64, 79, [45.0], 'Termination']
[74, 185, [-0.0], 'Termination']
[76, 152, [-135.0], 'Termination']
[81, 265, [135.0], 'Termination']
[83, 232, [-45.0], 'Termination']
[85, 205, [-26.56505117707799], 'Termination']
[88, 72, [63.43494882292201], 'Termination']
[101, 271, [116.56505117707799], 'Termination']
[110, 146, [45.0], 'Termination']
[133, 175, [26.56505117707799], 'Termination']
[141, 194, [135.0], 'Termination']
[151, 292, [-90.0], 'Termination']
[169, 137, [63.43494882292201], 'Termination']
[173, 178, [26.56505117707799], 'Termination']
[184, 64, [-90.0], 'Termination']
[192, 245, [90.0], 'Termination']
[199, 107, [90.0], 'Termination']
[203, 186, [-90.0], 'Termination']
[204, 126, [90.0], 'Termination']
[212, 289, [45.0], 'Termination']
[214, 64, [-63.43494882292201], 'Termination']
[238, 68, [-63.43494882292201], 'Termination']
[240, 271, [45.0], 'Termination']
[241, 190, [-0.0], 'Termination']
[243, 97, [116.56505117707799], 'Termination']
[251, 281, [-135.0], 'Termination']
[274, 271, [-116.56505117707799], 'Termination']
[275, 83, [-45.0], 'Termination']
[280, 178, [-0.0], 'Termination']
[283, 264, [26.56505117707799], 'Termination']
[289, 255, [-135.0], 'Termination']
[317, 143, [-26.56505117707799], 'Termination']
[318, 237, [-153.434948822922], 'Termination']
[67, 202, [45.0, -180.0, -45.0], 'Bifurcation']
[79, 221, [90.0, -180.0, -90.0], 'Bifurcation']
[81, 172, [90.0, -0.0, -90.0], 'Bifurcation']
[91, 247, [45.0, -180.0, -90.0], 'Bifurcation']
[94, 203, [90.0, -0.0, -135.0], 'Bifurcation']
[124, 275, [135.0, -0.0, -90.0], 'Bifurcation']
[222, 232, [-180.0, -0.0, -90.0], 'Bifurcation']
[268, 140, [-180.0, -0.0, -90.0], 'Bifurcation']
[293, 185, [-180.0, -0.0, -90.0], 'Bifurcation']
[296, 192, [90.0, -180.0, -0.0], 'Bifurcation']
[37, 222, [-45.0], 'Termination']
[54, 212, [135.0], 'Termination']
[75, 96, [-90.0], 'Termination']
[85, 157, [90.0], 'Termination']
[95, 90, [-90.0], 'Termination']
[110, 263, [90.0], 'Termination']
[113, 85, [-63.43494882292201], 'Termination']
[116, 203, [-90.0], 'Termination']
[117, 127, [90.0], 'Termination']
[120, 146, [116.56505117707799], 'Termination']
[125, 198, [90.0], 'Termination']
[135, 83, [-63.43494882292201], 'Termination']
[147, 80, [-63.43494882292201], 'Termination']
[156, 206, [26.56505117707799], 'Termination']
[162, 79, [-63.43494882292201], 'Termination']
[162, 117, [116.56505117707799], 'Termination']
[163, 286, [45.0], 'Termination']
[183, 82, [-63.43494882292201], 'Termination']
[193, 67, [-63.43494882292201], 'Termination']
[196, 191, [-0.0], 'Termination']
[204, 101, [-45.0], 'Termination']
[209, 54, [116.56505117707799], 'Termination']
[216, 113, [135.0], 'Termination']
[222, 229, [-0.0], 'Termination']
[229, 76, [-63.43494882292201], 'Termination']
[232, 275, [-153.434948822922], 'Termination']
[234, 159, [-26.56505117707799], 'Termination']
[238, 82, [116.56505117707799], 'Termination']
[248, 224, [-0.0], 'Termination']
[258, 246, [-180.0], 'Termination']
[272, 99, [-26.56505117707799], 'Termination']
[278, 163, [153.434948822922], 'Termination']
[283, 223, [-0.0], 'Termination']
[291, 112, [-63.43494882292201], 'Termination']
[307, 220, [-26.56505117707799], 'Termination']
[321, 178, [153.434948822922], 'Termination']
[54, 150, [90.0, -180.0, -45.0], 'Bifurcation']
[64, 104, [90.0, -0.0, -135.0], 'Bifurcation']
[100, 142, [-180.0, -0.0, -90.0], 'Bifurcation']
[103, 120, [90.0, -0.0, -135.0], 'Bifurcation']
[125, 140, [90.0, -0.0, -135.0], 'Bifurcation']
[126, 165, [90.0, -0.0, -135.0], 'Bifurcation']
[132, 171, [90.0, -180.0, -90.0], 'Bifurcation']
[145, 169, [90.0, -180.0, -90.0], 'Bifurcation']
[145, 149, [90.0, -180.0, -0.0], 'Bifurcation']
[148, 120, [90.0, -0.0, -90.0], 'Bifurcation']
[161, 151, [90.0, -0.0, -90.0], 'Bifurcation']
[160, 196, [45.0, -180.0, -90.0], 'Bifurcation']
[173, 151, [90.0, -180.0, -0.0], 'Bifurcation']
[191, 226, [135.0, -0.0, -90.0], 'Bifurcation']
[49, 100, [-135.0], 'Termination']
[57, 117, [-135.0], 'Termination']
[66, 203, [-45.0], 'Termination']
[67, 174, [-0.0], 'Termination']
[90, 64, [90.0], 'Termination']
[91, 112, [63.43494882292201], 'Termination']
[113, 142, [45.0], 'Termination']
[150, 105, [90.0], 'Termination']
[178, 213, [90.0], 'Termination']
[182, 76, [116.56505117707799], 'Termination']
[182, 152, [-90.0], 'Termination']
[187, 95, [116.56505117707799], 'Termination']
[197, 258, [63.43494882292201], 'Termination']
[199, 52, [-63.43494882292201], 'Termination']
[211, 266, [26.56505117707799], 'Termination']
[216, 293, [-153.434948822922], 'Termination']
[223, 155, [-0.0], 'Termination']
[226, 66, [116.56505117707799], 'Termination']
[229, 237, [45.0], 'Termination']
[261, 249, [-116.56505117707799], 'Termination']
[264, 141, [-0.0], 'Termination']
[267, 50, [-45.0], 'Termination']
[273, 249, [-135.0], 'Termination']
[279, 61, [135.0], 'Termination']
[297, 238, [-116.56505117707799], 'Termination']
[302, 108, [-26.56505117707799], 'Termination']
[302, 225, [-153.434948822922], 'Termination']
[320, 173, [26.56505117707799], 'Termination']
[331, 191, [-180.0], 'Termination']
[60, 134, [90.0, -0.0, -135.0], 'Bifurcation']
[62, 179, [90.0, -180.0, -0.0], 'Bifurcation']
[84, 150, [90.0, -180.0, -0.0], 'Bifurcation']
[88, 173, [90.0, -180.0, -45.0], 'Bifurcation']
[95, 154, [90.0, -180.0, -0.0], 'Bifurcation']
[95, 158, [45.0, -180.0, -45.0], 'Bifurcation']
[105, 128, [90.0, -0.0, -90.0], 'Bifurcation']
[105, 156, [90.0, -180.0, -45.0], 'Bifurcation']
[107, 176, [90.0, -180.0, -90.0], 'Bifurcation']
[122, 158, [90.0, -180.0, -45.0], 'Bifurcation']
[123, 200, [45.0, -180.0, -90.0], 'Bifurcation']
[156, 225, [90.0, -0.0, -90.0], 'Bifurcation']
[48, 126, [45.0], 'Termination']
[59, 150, [-153.434948822922], 'Termination']
[60, 172, [-26.56505117707799], 'Termination']
[72, 153, [26.56505117707799], 'Termination']
[80, 75, [-90.0], 'Termination']
[92, 155, [-116.56505117707799], 'Termination']
[108, 113, [90.0], 'Termination']
[136, 80, [90.0], 'Termination']
[142, 98, [90.0], 'Termination']
[142, 215, [90.0], 'Termination']
[182, 67, [116.56505117707799], 'Termination']
[184, 154, [-0.0], 'Termination']
[195, 233, [63.43494882292201], 'Termination']
[212, 267, [26.56505117707799], 'Termination']
[216, 293, [-153.434948822922], 'Termination']
[223, 136, [-0.0], 'Termination']
[255, 219, [-135.0], 'Termination']
[256, 100, [-45.0], 'Termination']
[262, 49, [-45.0], 'Termination']
[265, 214, [-153.434948822922], 'Termination']
[268, 232, [-135.0], 'Termination']
[278, 164, [-26.56505117707799], 'Termination']
[288, 81, [-26.56505117707799], 'Termination']
[290, 181, [-180.0], 'Termination']
[301, 98, [135.0], 'Termination']
[315, 159, [26.56505117707799], 'Termination']
[70, 128, [90.0, -0.0, -90.0], 'Bifurcation']
[109, 143, [90.0, -0.0, -135.0], 'Bifurcation']
[108, 163, [-180.0, -0.0, -90.0], 'Bifurcation']
[132, 161, [90.0, -180.0, -0.0], 'Bifurcation']
[134, 183, [90.0, -180.0, -0.0], 'Bifurcation']
[142, 169, [90.0, 45.0, -90.0], 'Bifurcation']
[144, 163, [90.0, -0.0, -135.0], 'Bifurcation']
[154, 187, [90.0, -180.0, -90.0], 'Bifurcation']
[155, 139, [90.0, -0.0, -90.0], 'Bifurcation']
[166, 211, [45.0, -180.0, -90.0], 'Bifurcation']
[170, 169, [90.0, -180.0, -0.0], 'Bifurcation']
[196, 236, [90.0, -0.0, -90.0], 'Bifurcation']
[61, 176, [26.56505117707799], 'Termination']
[63, 141, [-135.0], 'Termination']
[70, 90, [63.43494882292201], 'Termination']
[72, 222, [-45.0], 'Termination']
[73, 195, [-0.0], 'Termination']
[98, 134, [45.0], 'Termination']
[121, 162, [26.56505117707799], 'Termination']
[143, 67, [-90.0], 'Termination']
[157, 291, [90.0], 'Termination']
[159, 124, [90.0], 'Termination']
[165, 61, [-90.0], 'Termination']
[169, 270, [-90.0], 'Termination']
[184, 225, [90.0], 'Termination']
[188, 93, [90.0], 'Termination']
[192, 166, [-90.0], 'Termination']
[194, 111, [116.56505117707799], 'Termination']
[230, 274, [-116.56505117707799], 'Termination']
[233, 168, [26.56505117707799], 'Termination']
[233, 246, [45.0], 'Termination']
[235, 81, [116.56505117707799], 'Termination']
[236, 57, [-63.43494882292201], 'Termination']
[242, 275, [-116.56505117707799], 'Termination']
[261, 271, [-135.0], 'Termination']
[267, 66, [-63.43494882292201], 'Termination']
[273, 153, [-26.56505117707799], 'Termination']
[277, 65, [-63.43494882292201], 'Termination']
[280, 268, [-116.56505117707799], 'Termination']
[304, 236, [-153.434948822922], 'Termination']
[307, 74, [-45.0], 'Termination']
[310, 120, [-45.0], 'Termination']
[324, 188, [26.56505117707799], 'Termination']
[333, 207, [-180.0], 'Termination']
[102, 196, [90.0, -180.0, -90.0], 'Bifurcation']
[113, 152, [90.0, -0.0, -135.0], 'Bifurcation']
[152, 166, [90.0, -0.0, -135.0], 'Bifurcation']
[151, 186, [-180.0, -0.0, -90.0], 'Bifurcation']
[176, 183, [90.0, 45.0, -135.0], 'Bifurcation']
[175, 185, [135.0, -180.0, -0.0], 'Bifurcation']
[178, 204, [90.0, -180.0, -0.0], 'Bifurcation']
[186, 90, [45.0, -180.0, -90.0], 'Bifurcation']
[186, 190, [45.0, -180.0, -45.0], 'Bifurcation']
[198, 163, [90.0, -0.0, -90.0], 'Bifurcation']
[198, 210, [90.0, -180.0, -90.0], 'Bifurcation']
[211, 236, [45.0, -180.0, -90.0], 'Bifurcation']
[215, 193, [90.0, -0.0, -135.0], 'Bifurcation']
[226, 192, [90.0, -180.0, -0.0], 'Bifurcation']
[243, 263, [90.0, -0.0, -90.0], 'Bifurcation']
[73, 163, [-153.434948822922], 'Termination']
[76, 186, [45.0], 'Termination']
[91, 97, [45.0], 'Termination']
[95, 150, [-135.0], 'Termination']
[105, 96, [63.43494882292201], 'Termination']
[106, 165, [-135.0], 'Termination']
[116, 217, [-26.56505117707799], 'Termination']
[116, 243, [-26.56505117707799], 'Termination']
[124, 271, [116.56505117707799], 'Termination']
[141, 158, [63.43494882292201], 'Termination']
[147, 82, [-90.0], 'Termination']
[153, 74, [-90.0], 'Termination']
[162, 82, [90.0], 'Termination']
[164, 185, [26.56505117707799], 'Termination']
[172, 284, [90.0], 'Termination']
[178, 87, [-90.0], 'Termination']
[181, 68, [-90.0], 'Termination']
[182, 286, [-90.0], 'Termination']
[193, 287, [90.0], 'Termination']
[198, 64, [-90.0], 'Termination']
[201, 148, [90.0], 'Termination']
[205, 287, [-90.0], 'Termination']
[207, 53, [90.0], 'Termination']
[218, 79, [116.56505117707799], 'Termination']
[229, 252, [90.0], 'Termination']
[233, 118, [90.0], 'Termination']
[237, 136, [116.56505117707799], 'Termination']
[237, 193, [-90.0], 'Termination']
[259, 285, [-90.0], 'Termination']
[275, 80, [-63.43494882292201], 'Termination']
[277, 106, [116.56505117707799], 'Termination']
[277, 195, [-0.0], 'Termination']
[284, 274, [90.0], 'Termination']
[297, 279, [-135.0], 'Termination']
[309, 90, [-63.43494882292201], 'Termination']
[319, 179, [-0.0], 'Termination']
[329, 256, [-135.0], 'Termination']
[61, 164, [-180.0, -0.0, -90.0], 'Bifurcation']
[63, 144, [90.0, -0.0, -135.0], 'Bifurcation']
[85, 164, [90.0, -0.0, -135.0], 'Bifurcation']
[86, 184, [90.0, -180.0, -0.0], 'Bifurcation']
[96, 173, [90.0, -180.0, -90.0], 'Bifurcation']
[106, 192, [90.0, -180.0, -90.0], 'Bifurcation']
[110, 144, [90.0, -0.0, -90.0], 'Bifurcation']
[118, 219, [45.0, -180.0, -90.0], 'Bifurcation']
[124, 176, [90.0, -0.0, -135.0], 'Bifurcation']
[151, 251, [135.0, 45.0, -90.0], 'Bifurcation']
[37, 199, [-0.0], 'Termination']
[53, 134, [63.43494882292201], 'Termination']
[69, 246, [90.0], 'Termination']
[75, 163, [45.0], 'Termination']
[113, 129, [90.0], 'Termination']
[113, 257, [-90.0], 'Termination']
[135, 264, [-90.0], 'Termination']
[137, 238, [116.56505117707799], 'Termination']
[146, 102, [116.56505117707799], 'Termination']
[150, 120, [116.56505117707799], 'Termination']
[160, 266, [-90.0], 'Termination']
[185, 183, [-0.0], 'Termination']
[192, 94, [116.56505117707799], 'Termination']
[198, 289, [-90.0], 'Termination']
[207, 273, [-90.0], 'Termination']
[216, 52, [-63.43494882292201], 'Termination']
[226, 172, [-0.0], 'Termination']
[235, 81, [-45.0], 'Termination']
[246, 93, [135.0], 'Termination']
[265, 139, [-26.56505117707799], 'Termination']
[276, 68, [-63.43494882292201], 'Termination']
[278, 206, [-0.0], 'Termination']
[283, 253, [-153.434948822922], 'Termination']
[289, 226, [-180.0], 'Termination']
[296, 246, [-153.434948822922], 'Termination']
[299, 123, [-26.56505117707799], 'Termination']
[309, 142, [153.434948822922], 'Termination']
[316, 202, [-0.0], 'Termination']
[58, 227, [45.0, -180.0, -45.0], 'Bifurcation']
[66, 183, [90.0, -0.0, -135.0], 'Bifurcation']
[106, 196, [90.0, -0.0, -135.0], 'Bifurcation']
[106, 216, [-180.0, -0.0, -90.0], 'Bifurcation']
[131, 213, [90.0, -180.0, -0.0], 'Bifurcation']
[134, 233, [90.0, -180.0, -45.0], 'Bifurcation']
[142, 220, [45.0, -180.0, -90.0], 'Bifurcation']
[155, 238, [90.0, -180.0, -90.0], 'Bifurcation']
[169, 262, [135.0, 45.0, -90.0], 'Bifurcation']
[170, 219, [45.0, -0.0, -90.0], 'Bifurcation']
[170, 221, [135.0, -180.0, -45.0], 'Bifurcation']
[182, 218, [90.0, -180.0, -0.0], 'Bifurcation']
[45, 122, [45.0], 'Termination']
[47, 182, [-135.0], 'Termination']
[58, 197, [-135.0], 'Termination']
[73, 250, [-26.56505117707799], 'Termination']
[73, 276, [-45.0], 'Termination']
[76, 112, [63.43494882292201], 'Termination']
[95, 187, [45.0], 'Termination']
[120, 214, [26.56505117707799], 'Termination']
[136, 86, [-90.0], 'Termination']
[154, 175, [90.0], 'Termination']
[173, 99, [135.0], 'Termination']
[180, 142, [90.0], 'Termination']
[187, 277, [90.0], 'Termination']
[189, 160, [90.0], 'Termination']
[192, 93, [90.0], 'Termination']
[194, 218, [-90.0], 'Termination']
[194, 293, [63.43494882292201], 'Termination']
[221, 97, [116.56505117707799], 'Termination']
[223, 295, [-116.56505117707799], 'Termination']
[224, 127, [116.56505117707799], 'Termination']
[233, 218, [-0.0], 'Termination']
[239, 102, [135.0], 'Termination']
[253, 287, [-116.56505117707799], 'Termination']
[263, 106, [-63.43494882292201], 'Termination']
[270, 198, [-26.56505117707799], 'Termination']
[301, 157, [-45.0], 'Termination']
[302, 258, [-180.0], 'Termination']
[309, 124, [-90.0], 'Termination']
[312, 249, [-180.0], 'Termination']
[44, 142, [90.0, -0.0, -90.0], 'Bifurcation']
[67, 162, [90.0, -180.0, -0.0], 'Bifurcation']
[69, 182, [90.0, -180.0, -0.0], 'Bifurcation']
[79, 165, [90.0, -0.0, -135.0], 'Bifurcation']
[79, 169, [45.0, -180.0, -45.0], 'Bifurcation']
[89, 188, [90.0, -180.0, -90.0], 'Bifurcation']
[91, 141, [90.0, -0.0, -90.0], 'Bifurcation']
[101, 214, [45.0, -180.0, -90.0], 'Bifurcation']
[107, 172, [90.0, -0.0, -135.0], 'Bifurcation']
[133, 245, [135.0, -0.0, -90.0], 'Bifurcation']
[211, 66, [135.0, -0.0, -90.0], 'Bifurcation']
[277, 105, [-180.0, -0.0, -90.0], 'Bifurcation']
[36, 190, [-26.56505117707799], 'Termination']
[56, 162, [45.0], 'Termination']
[75, 166, [-116.56505117707799], 'Termination']
[94, 126, [90.0], 'Termination']
[108, 259, [-116.56505117707799], 'Termination']
[120, 231, [63.43494882292201], 'Termination']
[124, 96, [90.0], 'Termination']
[130, 115, [90.0], 'Termination']
[130, 264, [-90.0], 'Termination']
[138, 169, [116.56505117707799], 'Termination']
[154, 265, [-116.56505117707799], 'Termination']
[158, 293, [90.0], 'Termination']
[168, 177, [-0.0], 'Termination']
[169, 86, [116.56505117707799], 'Termination']
[173, 292, [-90.0], 'Termination']
[175, 255, [63.43494882292201], 'Termination']
[196, 265, [-135.0], 'Termination']
[208, 164, [-0.0], 'Termination']
[210, 294, [-116.56505117707799], 'Termination']
[223, 81, [135.0], 'Termination']
[243, 128, [-45.0], 'Termination']
[258, 70, [-45.0], 'Termination']
[261, 193, [26.56505117707799], 'Termination']
[263, 242, [-135.0], 'Termination']
[272, 212, [-180.0], 'Termination']
[277, 234, [-180.0], 'Termination']
[287, 126, [135.0], 'Termination']
[64, 135, [90.0, -0.0, -135.0], 'Bifurcation']
[104, 145, [90.0, -0.0, -135.0], 'Bifurcation']
[105, 164, [135.0, -0.0, -90.0], 'Bifurcation']
[130, 158, [90.0, -0.0, -135.0], 'Bifurcation']
[133, 67, [135.0, -0.0, -90.0], 'Bifurcation']
[134, 180, [90.0, -180.0, -0.0], 'Bifurcation']
[140, 166, [45.0, -180.0, -90.0], 'Bifurcation']
[150, 137, [90.0, -0.0, -90.0], 'Bifurcation']
[154, 184, [90.0, -180.0, -90.0], 'Bifurcation']
[169, 166, [90.0, -180.0, -0.0], 'Bifurcation']
[169, 209, [135.0, 45.0, -90.0], 'Bifurcation']
[179, 164, [90.0, -180.0, -45.0], 'Bifurcation']
[202, 236, [135.0, -0.0, -90.0], 'Bifurcation']
[221, 155, [135.0, -0.0, -90.0], 'Bifurcation']
[47, 133, [-135.0], 'Termination']
[58, 149, [-153.434948822922], 'Termination']
[60, 181, [-0.0], 'Termination']
[74, 199, [-26.56505117707799], 'Termination']
[77, 226, [-26.56505117707799], 'Termination']
[80, 239, [135.0], 'Termination']
[92, 138, [45.0], 'Termination']
[119, 161, [26.56505117707799], 'Termination']
[126, 69, [-90.0], 'Termination']
[152, 122, [90.0], 'Termination']
[179, 90, [90.0], 'Termination']
[186, 108, [116.56505117707799], 'Termination']
[188, 224, [63.43494882292201], 'Termination']
[189, 164, [-90.0], 'Termination']
[213, 285, [90.0], 'Termination']
[222, 76, [135.0], 'Termination']
[231, 252, [-135.0], 'Termination']
[259, 54, [-63.43494882292201], 'Termination']
[269, 145, [-0.0], 'Termination']
[272, 244, [-135.0], 'Termination']
[274, 65, [135.0], 'Termination']
[301, 107, [-45.0], 'Termination']
[321, 202, [-153.434948822922], 'Termination']
[325, 172, [-0.0], 'Termination']
[332, 85, [-26.56505117707799], 'Termination']