[49, 102, [90.0, -0.0, -90.0], 'Bifurcation']
[56, 184, [90.0, -180.0, -0.0], 'Bifurcation']
[61, 120, [135.0, 45.0, -90.0], 'Bifurcation']
[71, 161, [90.0, -0.0, -90.0], 'Bifurcation']
[73, 104, [45.0, -180.0, -90.0], 'Bifurcation']
[74, 192, [90.0, -180.0, -0.0], 'Bifurcation']
[74, 206, [90.0, -180.0, -0.0], 'Bifurcation']
[75, 188, [90.0, -180.0, -0.0], 'Bifurcation']
[79, 90, [-180.0, -0.0, -90.0], 'Bifurcation']
[89, 184, [90.0, -0.0, -135.0], 'Bifurcation']
[96, 171, [135.0, -0.0, -90.0], 'Bifurcation']
[102, 127, [45.0, -180.0, -90.0], 'Bifurcation']
[104, 184, [135.0, -0.0, -90.0], 'Bifurcation']
[106, 137, [135.0, 45.0, -90.0], 'Bifurcation']
[112, 173, [90.0, -180.0, -90.0], 'Bifurcation']
[113, 147, [90.0, -180.0, -45.0], 'Bifurcation']
[114, 111, [90.0, 45.0, -90.0], 'Bifurcation']
[113, 114, [135.0, -180.0, -45.0], 'Bifurcation']
[114, 124, [135.0, -0.0, -90.0], 'Bifurcation']
[119, 114, [90.0, -180.0, -90.0], 'Bifurcation']
[123, 146, [45.0, -180.0, -90.0], 'Bifurcation']
[140, 158, [135.0, 45.0, -90.0], 'Bifurcation']
[144, 136, [90.0, -180.0, -90.0], 'Bifurcation']
[158, 212, [135.0, 45.0, -90.0], 'Bifurcation']
[168, 177, [90.0, -135.0, -90.0], 'Bifurcation']
[169, 273, [90.0, -0.0, -90.0], 'Bifurcation']
[170, 230, [45.0, -0.0, -90.0], 'Bifurcation']
[172, 177, [90.0, 45.0, -90.0], 'Bifurcation']
[174, 183, [135.0, -135.0, -90.0], 'Bifurcation']
[174, 212, [-0.0, -135.0, -45.0], 'Bifurcation']
[175, 208, [-180.0, -0.0, -90.0], 'Bifurcation']
[177, 182, [135.0, 45.0, -0.0], 'Bifurcation']
[189, 163, [90.0, -180.0, -0.0], 'Bifurcation']
[200, 200, [135.0, -0.0, -135.0], 'Bifurcation']
[222, 191, [135.0, -0.0, -135.0], 'Bifurcation']
[317, 117, [90.0, -0.0, -135.0], 'Bifurcation']
[317, 191, [90.0, -180.0, -45.0], 'Bifurcation']
[317, 107, [90.0, -180.0, -0.0], 'Bifurcation']
[57, 119, [-90.0], 'Termination']
[66, 163, [-116.56505117707799], 'Termination']
[69, 90, [-116.56505117707799], 'Termination']
[70, 102, [-90.0], 'Termination']
[98, 67, [-90.0], 'Termination']
[103, 270, [-26.56505117707799], 'Termination']
[114, 283, [135.0], 'Termination']
[117, 200, [-45.0], 'Termination']
[131, 175, [116.56505117707799], 'Termination']
[138, 261, [-90.0], 'Termination']
[158, 97, [116.56505117707799], 'Termination']
[165, 59, [-63.43494882292201], 'Termination']
[177, 58, [-45.0], 'Termination']
[190, 73, [153.434948822922], 'Termination']
[196, 114, [135.0], 'Termination']
[202, 195, [-0.0], 'Termination']
[215, 74, [-26.56505117707799], 'Termination']
[216, 106, [153.434948822922], 'Termination']
[225, 295, [-90.0], 'Termination']
[233, 154, [153.434948822922], 'Termination']
[253, 48, [-26.56505117707799], 'Termination']
[254, 157, [-180.0], 'Termination']
[254, 274, [-135.0], 'Termination']
[263, 47, [-26.56505117707799], 'Termination']
[269, 270, [-135.0], 'Termination']
[276, 56, [-45.0], 'Termination']
[280, 269, [-135.0], 'Termination']
[289, 194, [-153.434948822922], 'Termination']
[300, 256, [-135.0], 'Termination']
[309, 112, [-45.0], 'Termination']
[314, 195, [-153.434948822922], 'Termination']
[321, 81, [-26.56505117707799], 'Termination']
[321, 272, [-0.0], 'Termination']
[323, 236, [-153.434948822922], 'Termination']
[89, 238, [45.0, -180.0, -90.0], 'Bifurcation']
[101, 139, [90.0, -180.0, -90.0], 'Bifurcation']
[104, 135, [90.0, -0.0, -90.0], 'Bifurcation']
[106, 136, [135.0, 45.0, -180.0], 'Bifurcation']
[106, 134, [45.0, -0.0, -90.0], 'Bifurcation']
[111, 240, [45.0, -180.0, -90.0], 'Bifurcation']
[117, 256, [-180.0, -0.0, -90.0], 'Bifurcation']
[120, 281, [-180.0, -0.0, -90.0], 'Bifurcation']
[122, 228, [90.0, -180.0, -45.0], 'Bifurcation']
[121, 238, [90.0, -180.0, -0.0], 'Bifurcation']
[122, 287, [135.0, -135.0, -90.0], 'Bifurcation']
[124, 285, [45.0, -180.0, -45.0], 'Bifurcation']
[126, 287, [135.0, 90.0, -45.0], 'Bifurcation']
[129, 275, [135.0, -0.0, -90.0], 'Bifurcation']
[143, 253, [45.0, -0.0, -90.0], 'Bifurcation']
[144, 286, [90.0, -180.0, -90.0], 'Bifurcation']
[145, 178, [90.0, -0.0, -135.0], 'Bifurcation']
[145, 198, [-180.0, -0.0, -90.0], 'Bifurcation']
[148, 261, [90.0, -180.0, -0.0], 'Bifurcation']
[153, 219, [90.0, -180.0, -0.0], 'Bifurcation']
[157, 142, [90.0, -0.0, -90.0], 'Bifurcation']
[174, 199, [45.0, -180.0, -90.0], 'Bifurcation']
[176, 224, [90.0, -180.0, -0.0], 'Bifurcation']
[182, 212, [45.0, -180.0, -90.0], 'Bifurcation']
[186, 179, [90.0, -180.0, -90.0], 'Bifurcation']
[190, 220, [90.0, -180.0, -45.0], 'Bifurcation']
[196, 155, [45.0, -180.0, -90.0], 'Bifurcation']
[212, 208, [45.0, -180.0, -90.0], 'Bifurcation']
[226, 189, [90.0, -180.0, -90.0], 'Bifurcation']
[227, 240, [45.0, -180.0, -90.0], 'Bifurcation']
[228, 253, [90.0, -180.0, -90.0], 'Bifurcation']
[228, 220, [45.0, -180.0, -90.0], 'Bifurcation']
[237, 247, [90.0, -0.0, -135.0], 'Bifurcation']
[237, 232, [90.0, -180.0, -0.0], 'Bifurcation']
[240, 223, [135.0, -0.0, -135.0], 'Bifurcation']
[41, 92, [-135.0], 'Termination']
[41, 242, [-0.0], 'Termination']
[52, 115, [-135.0], 'Termination']
[59, 77, [45.0], 'Termination']
[70, 245, [-180.0], 'Termination']
[71, 74, [26.56505117707799], 'Termination']
[71, 265, [-26.56505117707799], 'Termination']
[76, 88, [-135.0], 'Termination']
[79, 286, [153.434948822922], 'Termination']
[103, 185, [26.56505117707799], 'Termination']
[109, 290, [116.56505117707799], 'Termination']
[122, 262, [153.434948822922], 'Termination']
[138, 262, [153.434948822922], 'Termination']
[148, 226, [-180.0], 'Termination']
[171, 277, [90.0], 'Termination']
[174, 188, [63.43494882292201], 'Termination']
[177, 205, [63.43494882292201], 'Termination']
[183, 96, [116.56505117707799], 'Termination']
[184, 197, [90.0], 'Termination']
[187, 211, [63.43494882292201], 'Termination']
[193, 175, [90.0], 'Termination']
[202, 120, [116.56505117707799], 'Termination']
[208, 205, [-63.43494882292201], 'Termination']
[218, 225, [90.0], 'Termination']
[219, 71, [-63.43494882292201], 'Termination']
[232, 95, [116.56505117707799], 'Termination']
[242, 252, [-135.0], 'Termination']
[244, 169, [135.0], 'Termination']
[245, 129, [135.0], 'Termination']
[252, 271, [-116.56505117707799], 'Termination']
[258, 92, [-26.56505117707799], 'Termination']
[266, 81, [-45.0], 'Termination']
[266, 121, [135.0], 'Termination']
[277, 285, [45.0], 'Termination']
[286, 198, [-180.0], 'Termination']
[288, 93, [-45.0], 'Termination']
[289, 165, [153.434948822922], 'Termination']
[310, 283, [-153.434948822922], 'Termination']
[311, 166, [153.434948822922], 'Termination']
[331, 147, [-180.0], 'Termination']
[73, 196, [45.0, -180.0, -90.0], 'Bifurcation']
[116, 81, [90.0, -180.0, -0.0], 'Bifurcation']
[135, 271, [45.0, -180.0, -90.0], 'Bifurcation']
[150, 74, [45.0, -180.0, -90.0], 'Bifurcation']
[155, 219, [90.0, -180.0, -0.0], 'Bifurcation']
[159, 183, [90.0, -180.0, -90.0], 'Bifurcation']
[162, 65, [90.0, -0.0, -90.0], 'Bifurcation']
[167, 179, [-180.0, -0.0, -90.0], 'Bifurcation']
[170, 171, [90.0, -180.0, -45.0], 'Bifurcation']
[171, 178, [45.0, -180.0, -0.0], 'Bifurcation']
[172, 72, [135.0, -0.0, -90.0], 'Bifurcation']
[175, 151, [135.0, -0.0, -90.0], 'Bifurcation']
[180, 144, [90.0, -180.0, -0.0], 'Bifurcation']
[190, 276, [45.0, -180.0, -90.0], 'Bifurcation']
[193, 142, [45.0, -180.0, -90.0], 'Bifurcation']
[195, 119, [135.0, 45.0, -135.0], 'Bifurcation']
[205, 147, [90.0, -0.0, -135.0], 'Bifurcation']
[209, 168, [-180.0, -0.0, -135.0], 'Bifurcation']
[210, 83, [-180.0, -0.0, -90.0], 'Bifurcation']
[221, 145, [90.0, -180.0, -90.0], 'Bifurcation']
[226, 125, [45.0, -0.0, -90.0], 'Bifurcation']
[226, 128, [-180.0, -0.0, -45.0], 'Bifurcation']
[230, 158, [90.0, -180.0, -90.0], 'Bifurcation']
[232, 124, [90.0, -0.0, -90.0], 'Bifurcation']
[234, 124, [90.0, -180.0, -45.0], 'Bifurcation']
[237, 167, [90.0, -135.0, -45.0], 'Bifurcation']
[242, 123, [45.0, -180.0, -90.0], 'Bifurcation']
[244, 177, [90.0, -180.0, -90.0], 'Bifurcation']
[246, 100, [45.0, -180.0, -90.0], 'Bifurcation']
[249, 169, [90.0, -180.0, -45.0], 'Bifurcation']
[258, 156, [45.0, -180.0, -90.0], 'Bifurcation']
[275, 137, [90.0, -180.0, -90.0], 'Bifurcation']
[275, 246, [135.0, -0.0, -90.0], 'Bifurcation']
[277, 185, [-0.0, -135.0, -45.0], 'Bifurcation']
[280, 186, [135.0, 90.0, -135.0], 'Bifurcation']
[282, 181, [90.0, -0.0, -135.0], 'Bifurcation']
[287, 169, [135.0, -0.0, -135.0], 'Bifurcation']
[294, 122, [90.0, -180.0, -45.0], 'Bifurcation']
[47, 141, [-180.0], 'Termination']
[65, 239, [-180.0], 'Termination']
[77, 73, [-153.434948822922], 'Termination']
[77, 90, [26.56505117707799], 'Termination']
[78, 170, [-180.0], 'Termination']
[81, 146, [153.434948822922], 'Termination']
[87, 82, [26.56505117707799], 'Termination']
[88, 95, [-135.0], 'Termination']
[92, 178, [26.56505117707799], 'Termination']
[93, 211, [-180.0], 'Termination']
[99, 75, [26.56505117707799], 'Termination']
[111, 270, [-45.0], 'Termination']
[118, 66, [26.56505117707799], 'Termination']
[120, 183, [-180.0], 'Termination']
[120, 260, [-180.0], 'Termination']
[121, 205, [-26.56505117707799], 'Termination']
[132, 186, [-0.0], 'Termination']
[133, 254, [-26.56505117707799], 'Termination']
[139, 291, [-116.56505117707799], 'Termination']
[150, 267, [116.56505117707799], 'Termination']
[151, 126, [45.0], 'Termination']
[158, 281, [90.0], 'Termination']
[161, 226, [135.0], 'Termination']
[164, 74, [-116.56505117707799], 'Termination']
[185, 204, [135.0], 'Termination']
[215, 221, [116.56505117707799], 'Termination']
[223, 150, [26.56505117707799], 'Termination']
[241, 142, [90.0], 'Termination']
[256, 153, [-45.0], 'Termination']
[272, 297, [90.0], 'Termination']
[274, 64, [-63.43494882292201], 'Termination']
[283, 266, [63.43494882292201], 'Termination']
[286, 277, [-116.56505117707799], 'Termination']
[289, 65, [-63.43494882292201], 'Termination']
[289, 199, [-116.56505117707799], 'Termination']
[301, 217, [-116.56505117707799], 'Termination']
[302, 279, [63.43494882292201], 'Termination']
[305, 299, [-116.56505117707799], 'Termination']
[323, 231, [63.43494882292201], 'Termination']
[328, 83, [-45.0], 'Termination']
[58, 196, [90.0, -180.0, -45.0], 'Bifurcation']
[79, 231, [90.0, -180.0, -45.0], 'Bifurcation']
[82, 207, [-180.0, -0.0, -90.0], 'Bifurcation']
[85, 203, [90.0, -180.0, -0.0], 'Bifurcation']
[88, 116, [-180.0, -0.0, -90.0], 'Bifurcation']
[91, 219, [45.0, -180.0, -45.0], 'Bifurcation']
[92, 226, [90.0, -0.0, -135.0], 'Bifurcation']
[93, 153, [90.0, -180.0, -90.0], 'Bifurcation']
[97, 148, [90.0, -0.0, -135.0], 'Bifurcation']
[97, 121, [45.0, -180.0, -90.0], 'Bifurcation']
[106, 113, [90.0, -0.0, -90.0], 'Bifurcation']
[113, 221, [90.0, -180.0, -90.0], 'Bifurcation']
[113, 282, [90.0, -0.0, -90.0], 'Bifurcation']
[117, 190, [90.0, -0.0, -135.0], 'Bifurcation']
[119, 238, [-180.0, -0.0, -90.0], 'Bifurcation']
[121, 235, [45.0, -180.0, -0.0], 'Bifurcation']
[122, 237, [135.0, 90.0, -45.0], 'Bifurcation']
[123, 289, [45.0, -180.0, -45.0], 'Bifurcation']
[124, 205, [90.0, -180.0, -0.0], 'Bifurcation']
[130, 267, [90.0, -180.0, -90.0], 'Bifurcation']
[132, 253, [135.0, -0.0, -90.0], 'Bifurcation']
[133, 180, [90.0, -180.0, -0.0], 'Bifurcation']
[134, 224, [90.0, -0.0, -135.0], 'Bifurcation']
[146, 234, [135.0, -90.0, -45.0], 'Bifurcation']
[149, 234, [90.0, -180.0, -45.0], 'Bifurcation']
[152, 266, [90.0, -180.0, -90.0], 'Bifurcation']
[153, 210, [90.0, -0.0, -135.0], 'Bifurcation']
[153, 213, [45.0, -180.0, -45.0], 'Bifurcation']
[155, 243, [90.0, -180.0, -45.0], 'Bifurcation']
[156, 120, [90.0, -0.0, -90.0], 'Bifurcation']
[156, 196, [90.0, -180.0, -0.0], 'Bifurcation']
[164, 198, [135.0, -0.0, -90.0], 'Bifurcation']
[167, 206, [-180.0, -0.0, -90.0], 'Bifurcation']
[171, 229, [135.0, -0.0, -90.0], 'Bifurcation']
[178, 199, [90.0, -180.0, -45.0], 'Bifurcation']
[178, 160, [90.0, -135.0, -45.0], 'Bifurcation']
[181, 191, [-180.0, -0.0, -90.0], 'Bifurcation']
[184, 156, [90.0, -180.0, -45.0], 'Bifurcation']
[191, 261, [90.0, -180.0, -45.0], 'Bifurcation']
[192, 196, [90.0, -0.0, -135.0], 'Bifurcation']
[195, 215, [90.0, -0.0, -135.0], 'Bifurcation']
[196, 260, [135.0, -0.0, -90.0], 'Bifurcation']
[200, 218, [90.0, -180.0, -90.0], 'Bifurcation']
[202, 206, [45.0, -180.0, -90.0], 'Bifurcation']
[203, 241, [90.0, -180.0, -45.0], 'Bifurcation']
[209, 240, [135.0, 45.0, -90.0], 'Bifurcation']
[212, 183, [45.0, -180.0, -90.0], 'Bifurcation']
[226, 201, [90.0, -0.0, -90.0], 'Bifurcation']
[226, 162, [45.0, -180.0, -90.0], 'Bifurcation']
[228, 202, [135.0, 45.0, -180.0], 'Bifurcation']
[229, 214, [90.0, -180.0, -90.0], 'Bifurcation']
[232, 225, [90.0, -180.0, -90.0], 'Bifurcation']
[239, 205, [90.0, -180.0, -0.0], 'Bifurcation']
[240, 172, [90.0, -180.0, -0.0], 'Bifurcation']
[241, 219, [90.0, -180.0, -0.0], 'Bifurcation']
[242, 193, [135.0, -0.0, -90.0], 'Bifurcation']
[246, 299, [135.0, 45.0, -90.0], 'Bifurcation']
[44, 225, [26.56505117707799], 'Termination']
[47, 265, [153.434948822922], 'Termination']
[48, 99, [-135.0], 'Termination']
[57, 272, [153.434948822922], 'Termination']
[68, 278, [153.434948822922], 'Termination']
[72, 228, [-180.0], 'Termination']
[75, 248, [-0.0], 'Termination']
[102, 167, [26.56505117707799], 'Termination']
[114, 191, [-116.56505117707799], 'Termination']
[117, 235, [-45.0], 'Termination']
[123, 264, [-45.0], 'Termination']
[126, 242, [135.0], 'Termination']
[127, 185, [-153.434948822922], 'Termination']
[127, 281, [116.56505117707799], 'Termination']
[144, 244, [153.434948822922], 'Termination']
[154, 151, [45.0], 'Termination']
[174, 296, [-63.43494882292201], 'Termination']
[175, 243, [116.56505117707799], 'Termination']
[177, 184, [63.43494882292201], 'Termination']
[180, 254, [90.0], 'Termination']
[183, 161, [90.0], 'Termination']
[187, 188, [63.43494882292201], 'Termination']
[188, 127, [90.0], 'Termination']
[189, 172, [90.0], 'Termination']
[191, 151, [90.0], 'Termination']
[200, 94, [90.0], 'Termination']
[209, 65, [-63.43494882292201], 'Termination']
[229, 194, [90.0], 'Termination']
[231, 272, [63.43494882292201], 'Termination']
[239, 167, [-26.56505117707799], 'Termination']
[244, 142, [135.0], 'Termination']
[245, 102, [135.0], 'Termination']
[245, 223, [-116.56505117707799], 'Termination']
[247, 74, [-45.0], 'Termination']
[255, 242, [-116.56505117707799], 'Termination']
[265, 82, [-45.0], 'Termination']
[265, 92, [135.0], 'Termination']
[278, 89, [-45.0], 'Termination']
[287, 167, [-180.0], 'Termination']
[290, 135, [153.434948822922], 'Termination']
[300, 103, [-26.56505117707799], 'Termination']
[311, 136, [-180.0], 'Termination']
[314, 116, [-26.56505117707799], 'Termination']
[329, 139, [-0.0], 'Termination']
[62, 136, [-0.0, -135.0, -45.0], 'Bifurcation']
[64, 162, [90.0, -180.0, -90.0], 'Bifurcation']
[64, 137, [90.0, -180.0, -90.0], 'Bifurcation']
[67, 133, [90.0, -0.0, -90.0], 'Bifurcation']
[68, 260, [90.0, -180.0, -45.0], 'Bifurcation']
[72, 154, [90.0, -0.0, -90.0], 'Bifurcation']
[72, 189, [90.0, 45.0, -90.0], 'Bifurcation']
[74, 130, [90.0, -180.0, -90.0], 'Bifurcation']
[74, 155, [135.0, 45.0, -180.0], 'Bifurcation']
[73, 276, [-180.0, -0.0, -90.0], 'Bifurcation']
[75, 128, [45.0, -180.0, -45.0], 'Bifurcation']
[76, 130, [90.0, -180.0, -90.0], 'Bifurcation']
[77, 257, [135.0, -0.0, -135.0], 'Bifurcation']
[79, 249, [90.0, -180.0, -45.0], 'Bifurcation']
[80, 125, [90.0, -0.0, -90.0], 'Bifurcation']
[89, 266, [90.0, -180.0, -0.0], 'Bifurcation']
[97, 254, [45.0, -180.0, -90.0], 'Bifurcation']
[98, 261, [90.0, -0.0, -135.0], 'Bifurcation']
[99, 267, [45.0, -180.0, -45.0], 'Bifurcation']
[100, 276, [90.0, -0.0, -90.0], 'Bifurcation']
[101, 279, [135.0, -90.0, -45.0], 'Bifurcation']
[104, 200, [90.0, -0.0, -90.0], 'Bifurcation']
[103, 278, [45.0, -180.0, -0.0], 'Bifurcation']
[108, 262, [90.0, 45.0, -90.0], 'Bifurcation']
[108, 254, [90.0, -180.0, -45.0], 'Bifurcation']
[109, 269, [-180.0, -0.0, -90.0], 'Bifurcation']
[112, 238, [90.0, -0.0, -135.0], 'Bifurcation']
[111, 268, [45.0, -180.0, -0.0], 'Bifurcation']
[113, 195, [90.0, -180.0, -90.0], 'Bifurcation']
[119, 165, [90.0, -0.0, -90.0], 'Bifurcation']
[119, 247, [45.0, -180.0, -90.0], 'Bifurcation']
[121, 213, [90.0, -180.0, -90.0], 'Bifurcation']
[125, 235, [90.0, -0.0, -135.0], 'Bifurcation']
[127, 258, [-180.0, -0.0, -90.0], 'Bifurcation']
[133, 266, [90.0, -180.0, -90.0], 'Bifurcation']
[133, 154, [135.0, 45.0, -90.0], 'Bifurcation']
[133, 243, [45.0, -180.0, -45.0], 'Bifurcation']
[134, 249, [90.0, -180.0, -0.0], 'Bifurcation']
[139, 245, [90.0, -135.0, -45.0], 'Bifurcation']
[141, 216, [90.0, -90.0, -45.0], 'Bifurcation']
[143, 217, [135.0, 90.0, -90.0], 'Bifurcation']
[146, 202, [90.0, -180.0, -90.0], 'Bifurcation']
[149, 241, [90.0, -180.0, -0.0], 'Bifurcation']
[154, 201, [45.0, -180.0, -90.0], 'Bifurcation']
[160, 243, [90.0, -180.0, -45.0], 'Bifurcation']
[186, 212, [90.0, -180.0, -90.0], 'Bifurcation']
[187, 260, [45.0, -180.0, -90.0], 'Bifurcation']
[188, 242, [90.0, -180.0, -0.0], 'Bifurcation']
[191, 214, [135.0, -0.0, -90.0], 'Bifurcation']
[192, 255, [45.0, -0.0, -90.0], 'Bifurcation']
[192, 257, [135.0, -180.0, -0.0], 'Bifurcation']
[194, 269, [90.0, -180.0, -45.0], 'Bifurcation']
[195, 219, [90.0, -135.0, -90.0], 'Bifurcation']
[197, 217, [45.0, -180.0, -45.0], 'Bifurcation']
[197, 220, [135.0, -180.0, -0.0], 'Bifurcation']
[199, 242, [90.0, -0.0, -90.0], 'Bifurcation']
[60, 285, [153.434948822922], 'Termination']
[64, 101, [63.43494882292201], 'Termination']
[64, 206, [45.0], 'Termination']
[77, 280, [153.434948822922], 'Termination']
[85, 262, [-0.0], 'Termination']
[94, 281, [135.0], 'Termination']
[102, 292, [135.0], 'Termination']
[105, 246, [-180.0], 'Termination']
[117, 195, [90.0], 'Termination']
[119, 93, [-63.43494882292201], 'Termination']
[119, 292, [116.56505117707799], 'Termination']
[133, 274, [116.56505117707799], 'Termination']
[145, 218, [116.56505117707799], 'Termination']
[149, 115, [116.56505117707799], 'Termination']
[152, 174, [90.0], 'Termination']
[156, 73, [-90.0], 'Termination']
[157, 83, [90.0], 'Termination']
[166, 141, [90.0], 'Termination']
[168, 73, [90.0], 'Termination']
[169, 97, [-45.0], 'Termination']
[177, 247, [90.0], 'Termination']
[184, 299, [-90.0], 'Termination']
[194, 112, [116.56505117707799], 'Termination']
[205, 191, [135.0], 'Termination']
[206, 302, [-90.0], 'Termination']
[209, 151, [135.0], 'Termination']
[209, 287, [-90.0], 'Termination']
[218, 107, [-45.0], 'Termination']
[228, 140, [135.0], 'Termination']
[236, 298, [45.0], 'Termination']
[246, 218, [-180.0], 'Termination']
[247, 107, [-45.0], 'Termination']
[250, 184, [153.434948822922], 'Termination']
[268, 115, [-26.56505117707799], 'Termination']
[272, 184, [153.434948822922], 'Termination']
[282, 137, [153.434948822922], 'Termination']
[296, 173, [26.56505117707799], 'Termination']
[309, 241, [-153.434948822922], 'Termination']
[77, 152, [90.0, -180.0, -0.0], 'Bifurcation']
[80, 282, [90.0, -180.0, -45.0], 'Bifurcation']
[84, 131, [-180.0, -0.0, -90.0], 'Bifurcation']
[94, 272, [90.0, -180.0, -45.0], 'Bifurcation']
[94, 276, [90.0, -0.0, -135.0], 'Bifurcation']
[110, 172, [-0.0, -135.0, -45.0], 'Bifurcation']
[115, 171, [90.0, 45.0, -135.0], 'Bifurcation']
[113, 106, [135.0, -0.0, -135.0], 'Bifurcation']
[113, 168, [45.0, -0.0, -90.0], 'Bifurcation']
[114, 118, [-0.0, -135.0, -45.0], 'Bifurcation']
[115, 274, [90.0, -180.0, -90.0], 'Bifurcation']
[115, 168, [90.0, -0.0, -90.0], 'Bifurcation']
[116, 119, [90.0, -180.0, -90.0], 'Bifurcation']
[117, 144, [90.0, -180.0, -90.0], 'Bifurcation']
[117, 216, [90.0, -0.0, -135.0], 'Bifurcation']
[124, 140, [90.0, -0.0, -135.0], 'Bifurcation']
[126, 263, [90.0, -180.0, -45.0], 'Bifurcation']
[125, 272, [90.0, -180.0, -0.0], 'Bifurcation']
[134, 239, [45.0, -90.0, -45.0], 'Bifurcation']
[135, 242, [135.0, 45.0, -180.0], 'Bifurcation']
[136, 281, [90.0, -180.0, -0.0], 'Bifurcation']
[144, 269, [45.0, -180.0, -90.0], 'Bifurcation']
[152, 213, [90.0, -0.0, -90.0], 'Bifurcation']
[151, 235, [135.0, -0.0, -90.0], 'Bifurcation']
[157, 285, [135.0, -0.0, -90.0], 'Bifurcation']
[159, 253, [90.0, -180.0, -0.0], 'Bifurcation']
[163, 294, [90.0, -180.0, -90.0], 'Bifurcation']
[164, 237, [90.0, -0.0, -135.0], 'Bifurcation']
[166, 179, [135.0, -0.0, -90.0], 'Bifurcation']
[167, 261, [45.0, -180.0, -45.0], 'Bifurcation']
[172, 249, [45.0, -0.0, -90.0], 'Bifurcation']
[172, 251, [135.0, -180.0, -0.0], 'Bifurcation']
[180, 282, [90.0, -180.0, -90.0], 'Bifurcation']
[185, 250, [45.0, -180.0, -90.0], 'Bifurcation']
[189, 230, [90.0, -135.0, -45.0], 'Bifurcation']
[193, 216, [90.0, -180.0, -45.0], 'Bifurcation']
[194, 106, [45.0, -0.0, -90.0], 'Bifurcation']
[194, 108, [135.0, -180.0, -45.0], 'Bifurcation']
[195, 276, [135.0, 45.0, -90.0], 'Bifurcation']
[200, 117, [90.0, -0.0, -90.0], 'Bifurcation']
[232, 277, [90.0, -180.0, -90.0], 'Bifurcation']
[232, 226, [45.0, -180.0, -90.0], 'Bifurcation']
[234, 257, [90.0, -180.0, -45.0], 'Bifurcation']
[240, 270, [90.0, -0.0, -135.0], 'Bifurcation']
[241, 285, [90.0, -180.0, -45.0], 'Bifurcation']
[243, 234, [90.0, -180.0, -0.0], 'Bifurcation']
[245, 259, [135.0, -0.0, -135.0], 'Bifurcation']
[251, 212, [90.0, -180.0, -45.0], 'Bifurcation']
[288, 251, [90.0, -0.0, -135.0], 'Bifurcation']
[41, 176, [26.56505117707799], 'Termination']
[45, 270, [-0.0], 'Termination']
[60, 286, [-180.0], 'Termination']
[66, 143, [-135.0], 'Termination']
[73, 278, [-180.0], 'Termination']
[142, 275, [-180.0], 'Termination']
[144, 286, [-26.56505117707799], 'Termination']
[152, 260, [-153.434948822922], 'Termination']
[166, 253, [-153.434948822922], 'Termination']
[174, 105, [135.0], 'Termination']
[190, 278, [-116.56505117707799], 'Termination']
[195, 249, [90.0], 'Termination']
[196, 212, [63.43494882292201], 'Termination']
[198, 188, [90.0], 'Termination']
[199, 259, [-90.0], 'Termination']
[209, 256, [-90.0], 'Termination']
[210, 156, [90.0], 'Termination']
[223, 262, [90.0], 'Termination']
[240, 129, [116.56505117707799], 'Termination']
[242, 230, [-26.56505117707799], 'Termination']
[253, 165, [135.0], 'Termination']
[265, 126, [-45.0], 'Termination']
[266, 107, [-45.0], 'Termination']
[272, 154, [135.0], 'Termination']
[279, 107, [-45.0], 'Termination']
[293, 232, [153.434948822922], 'Termination']
[297, 201, [153.434948822922], 'Termination']
[299, 115, [-26.56505117707799], 'Termination']
[321, 159, [153.434948822922], 'Termination']
[323, 149, [153.434948822922], 'Termination']
[46, 276, [-180.0, -0.0, -90.0], 'Bifurcation']
[51, 245, [90.0, -180.0, -45.0], 'Bifurcation']
[50, 256, [90.0, -180.0, -0.0], 'Bifurcation']
[61, 263, [90.0, -180.0, -0.0], 'Bifurcation']
[73, 271, [45.0, -135.0, -90.0], 'Bifurcation']
[72, 267, [135.0, 45.0, -0.0], 'Bifurcation']
[72, 275, [135.0, -135.0, -90.0], 'Bifurcation']
[74, 192, [90.0, -180.0, -45.0], 'Bifurcation']
[73, 216, [45.0, -180.0, -90.0], 'Bifurcation']
[74, 278, [-180.0, -0.0, -135.0], 'Bifurcation']
[76, 194, [135.0, 45.0, -135.0], 'Bifurcation']
[78, 188, [90.0, 45.0, -135.0], 'Bifurcation']
[77, 190, [135.0, -180.0, -45.0], 'Bifurcation']
[79, 192, [135.0, 45.0, -135.0], 'Bifurcation']
[79, 249, [135.0, -0.0, -135.0], 'Bifurcation']
[80, 284, [90.0, -180.0, -45.0], 'Bifurcation']
[81, 238, [90.0, -180.0, -0.0], 'Bifurcation']
[82, 264, [-180.0, -0.0, -90.0], 'Bifurcation']
[83, 269, [-180.0, -0.0, -90.0], 'Bifurcation']
[87, 172, [135.0, 90.0, -135.0], 'Bifurcation']
[87, 158, [135.0, 45.0, -90.0], 'Bifurcation']
[88, 183, [90.0, 45.0, -135.0], 'Bifurcation']
[87, 185, [135.0, 45.0, -180.0], 'Bifurcation']
[87, 278, [135.0, -90.0, -45.0], 'Bifurcation']
[89, 280, [135.0, -180.0, -0.0], 'Bifurcation']
[92, 241, [90.0, -180.0, -45.0], 'Bifurcation']
[92, 238, [135.0, -0.0, -135.0], 'Bifurcation']
[95, 232, [90.0, -0.0, -135.0], 'Bifurcation']
[97, 269, [135.0, -0.0, -90.0], 'Bifurcation']
[102, 217, [90.0, -180.0, -90.0], 'Bifurcation']
[104, 241, [90.0, -180.0, -45.0], 'Bifurcation']
[103, 288, [45.0, -180.0, -90.0], 'Bifurcation']
[105, 200, [135.0, 45.0, -135.0], 'Bifurcation']
[105, 245, [90.0, -180.0, -0.0], 'Bifurcation']
[110, 230, [45.0, -180.0, -90.0], 'Bifurcation']
[114, 196, [90.0, -180.0, -90.0], 'Bifurcation']
[118, 237, [90.0, -135.0, -45.0], 'Bifurcation']
[127, 247, [90.0, -180.0, -90.0], 'Bifurcation']
[140, 224, [135.0, -0.0, -90.0], 'Bifurcation']
[153, 243, [135.0, -0.0, -90.0], 'Bifurcation']
[156, 205, [90.0, -180.0, -90.0], 'Bifurcation']
[156, 235, [90.0, -90.0, -45.0], 'Bifurcation']
[157, 255, [90.0, -180.0, -90.0], 'Bifurcation']
[158, 205, [90.0, -0.0, -90.0], 'Bifurcation']
[158, 234, [45.0, -180.0, -0.0], 'Bifurcation']
[159, 237, [90.0, -180.0, -0.0], 'Bifurcation']
[161, 266, [90.0, -180.0, -90.0], 'Bifurcation']
[166, 246, [90.0, -0.0, -135.0], 'Bifurcation']
[166, 212, [90.0, -180.0, -0.0], 'Bifurcation']
[166, 260, [45.0, -0.0, -90.0], 'Bifurcation']
[167, 263, [135.0, -0.0, -45.0], 'Bifurcation']
[169, 236, [135.0, -0.0, -135.0], 'Bifurcation']
[190, 217, [45.0, -180.0, -90.0], 'Bifurcation']
[192, 223, [90.0, -0.0, -135.0], 'Bifurcation']
[36, 100, [-135.0], 'Termination']
[42, 89, [90.0], 'Termination']
[58, 263, [-90.0], 'Termination']
[71, 81, [116.56505117707799], 'Termination']
[91, 85, [116.56505117707799], 'Termination']
[104, 223, [45.0], 'Termination']
[108, 272, [116.56505117707799], 'Termination']
[109, 108, [116.56505117707799], 'Termination']
[111, 81, [116.56505117707799], 'Termination']
[116, 229, [90.0], 'Termination']
[118, 167, [90.0], 'Termination']
[119, 191, [90.0], 'Termination']
[122, 62, [-63.43494882292201], 'Termination']
[122, 212, [90.0], 'Termination']
[126, 244, [-26.56505117707799], 'Termination']
[130, 134, [116.56505117707799], 'Termination']
[137, 222, [-63.43494882292201], 'Termination']
[139, 64, [-90.0], 'Termination']
[153, 82, [135.0], 'Termination']
[155, 62, [-45.0], 'Termination']
[171, 141, [135.0], 'Termination']
[172, 65, [-63.43494882292201], 'Termination']
[173, 184, [135.0], 'Termination']
[183, 103, [-45.0], 'Termination']
[184, 284, [-135.0], 'Termination']
[186, 65, [-45.0], 'Termination']
[190, 130, [135.0], 'Termination']
[196, 65, [-45.0], 'Termination']
[197, 78, [153.434948822922], 'Termination']
[206, 66, [-45.0], 'Termination']
[207, 297, [-116.56505117707799], 'Termination']
[214, 207, [-180.0], 'Termination']
[216, 175, [153.434948822922], 'Termination']
[222, 70, [-45.0], 'Termination']
[234, 288, [-135.0], 'Termination']
[238, 173, [153.434948822922], 'Termination']
[260, 268, [-153.434948822922], 'Termination']
[281, 207, [153.434948822922], 'Termination']
[289, 178, [-0.0], 'Termination']
[48, 183, [45.0, -180.0, -45.0], 'Bifurcation']
[51, 238, [90.0, 45.0, -45.0], 'Bifurcation']
[50, 240, [-180.0, -0.0, -90.0], 'Bifurcation']
[55, 242, [90.0, -180.0, -90.0], 'Bifurcation']
[56, 159, [135.0, 45.0, -180.0], 'Bifurcation']
[68, 205, [135.0, -135.0, -45.0], 'Bifurcation']
[69, 202, [45.0, -180.0, -0.0], 'Bifurcation']
[71, 132, [90.0, -0.0, -90.0], 'Bifurcation']
[70, 153, [-180.0, -0.0, -90.0], 'Bifurcation']
[70, 206, [90.0, -180.0, -0.0], 'Bifurcation']
[76, 192, [-180.0, -0.0, -90.0], 'Bifurcation']
[79, 67, [135.0, -0.0, -90.0], 'Bifurcation']
[79, 202, [-180.0, -0.0, -90.0], 'Bifurcation']
[82, 209, [90.0, -180.0, -90.0], 'Bifurcation']
[85, 96, [135.0, -0.0, -90.0], 'Bifurcation']
[86, 146, [90.0, -180.0, -90.0], 'Bifurcation']
[85, 214, [-180.0, -135.0, -45.0], 'Bifurcation']
[88, 178, [45.0, -180.0, -45.0], 'Bifurcation']
[90, 217, [90.0, -180.0, -90.0], 'Bifurcation']
[93, 167, [90.0, -0.0, -135.0], 'Bifurcation']
[101, 175, [90.0, -180.0, -45.0], 'Bifurcation']
[101, 197, [90.0, -180.0, -90.0], 'Bifurcation']
[102, 181, [90.0, -180.0, -45.0], 'Bifurcation']
[106, 147, [90.0, -90.0, -45.0], 'Bifurcation']
[109, 146, [45.0, -0.0, -135.0], 'Bifurcation']
[109, 150, [135.0, 45.0, -180.0], 'Bifurcation']
[113, 133, [90.0, -180.0, -90.0], 'Bifurcation']
[116, 129, [90.0, -0.0, -90.0], 'Bifurcation']
[115, 173, [90.0, -135.0, -45.0], 'Bifurcation']
[119, 132, [135.0, 90.0, -90.0], 'Bifurcation']
[152, 142, [90.0, -180.0, -90.0], 'Bifurcation']
[155, 171, [90.0, -180.0, -45.0], 'Bifurcation']
[154, 191, [45.0, -180.0, -90.0], 'Bifurcation']
[155, 248, [135.0, -0.0, -90.0], 'Bifurcation']
[162, 185, [90.0, -180.0, -0.0], 'Bifurcation']
[166, 173, [135.0, -0.0, -90.0], 'Bifurcation']
[170, 270, [135.0, -0.0, -90.0], 'Bifurcation']
[277, 250, [45.0, -180.0, -90.0], 'Bifurcation']
[285, 87, [135.0, -0.0, -90.0], 'Bifurcation']
[289, 236, [-180.0, -0.0, -90.0], 'Bifurcation']
[290, 94, [45.0, -180.0, -90.0], 'Bifurcation']
[291, 209, [-180.0, -0.0, -90.0], 'Bifurcation']
[295, 201, [45.0, -135.0, -45.0], 'Bifurcation']
[296, 226, [45.0, -180.0, -90.0], 'Bifurcation']
[313, 143, [135.0, -0.0, -135.0], 'Bifurcation']
[39, 246, [-45.0], 'Termination']
[64, 214, [135.0], 'Termination']
[78, 270, [-116.56505117707799], 'Termination']
[79, 195, [153.434948822922], 'Termination']
[96, 228, [90.0], 'Termination']
[108, 277, [-116.56505117707799], 'Termination']
[117, 104, [90.0], 'Termination']
[123, 282, [-116.56505117707799], 'Termination']
[130, 171, [-90.0], 'Termination']
[134, 71, [90.0], 'Termination']
[143, 284, [-90.0], 'Termination']
[144, 177, [63.43494882292201], 'Termination']
[168, 202, [-116.56505117707799], 'Termination']
[169, 280, [-116.56505117707799], 'Termination']
[170, 122, [135.0], 'Termination']
[174, 79, [116.56505117707799], 'Termination']
[178, 220, [-116.56505117707799], 'Termination']
[192, 288, [116.56505117707799], 'Termination']
[196, 72, [153.434948822922], 'Termination']
[202, 232, [63.43494882292201], 'Termination']
[204, 285, [-116.56505117707799], 'Termination']
[211, 148, [-180.0], 'Termination']
[215, 117, [153.434948822922], 'Termination']
[236, 48, [-63.43494882292201], 'Termination']
[237, 116, [153.434948822922], 'Termination']
[251, 50, [-0.0], 'Termination']
[265, 58, [-45.0], 'Termination']
[275, 152, [-180.0], 'Termination']
[276, 262, [-135.0], 'Termination']
[314, 184, [26.56505117707799], 'Termination']
[317, 196, [26.56505117707799], 'Termination']
[321, 146, [-180.0], 'Termination']
[55, 96, [-180.0, -0.0, -90.0], 'Bifurcation']
[72, 229, [-180.0, -0.0, -90.0], 'Bifurcation']
[77, 68, [135.0, -0.0, -90.0], 'Bifurcation']
[97, 221, [90.0, -180.0, -45.0], 'Bifurcation']
[111, 120, [45.0, -180.0, -90.0], 'Bifurcation']
[114, 116, [90.0, -0.0, -90.0], 'Bifurcation']
[116, 118, [90.0, 45.0, -180.0], 'Bifurcation']
[116, 115, [45.0, -0.0, -90.0], 'Bifurcation']
[119, 223, [90.0, -180.0, -45.0], 'Bifurcation']
[124, 245, [45.0, -180.0, -90.0], 'Bifurcation']
[129, 253, [90.0, -180.0, -45.0], 'Bifurcation']
[156, 160, [90.0, -0.0, -90.0], 'Bifurcation']
[156, 265, [90.0, -180.0, -90.0], 'Bifurcation']
[156, 181, [45.0, -180.0, -90.0], 'Bifurcation']
[157, 252, [90.0, -180.0, -45.0], 'Bifurcation']
[161, 236, [45.0, -180.0, -90.0], 'Bifurcation']
[168, 186, [90.0, -180.0, -0.0], 'Bifurcation']
[172, 210, [90.0, -180.0, -45.0], 'Bifurcation']
[174, 237, [-180.0, -0.0, -90.0], 'Bifurcation']
[179, 223, [45.0, -180.0, -90.0], 'Bifurcation']
[186, 183, [90.0, -180.0, -90.0], 'Bifurcation']
[186, 208, [90.0, -180.0, -0.0], 'Bifurcation']
[194, 223, [-180.0, -0.0, -90.0], 'Bifurcation']
[200, 163, [90.0, -180.0, -45.0], 'Bifurcation']
[203, 253, [90.0, -180.0, -0.0], 'Bifurcation']
[206, 216, [90.0, -180.0, -90.0], 'Bifurcation']
[206, 141, [45.0, -180.0, -90.0], 'Bifurcation']
[209, 241, [90.0, -180.0, -0.0], 'Bifurcation']
[211, 208, [90.0, -180.0, -90.0], 'Bifurcation']
[212, 205, [90.0, -0.0, -90.0], 'Bifurcation']
[219, 240, [90.0, 45.0, -45.0], 'Bifurcation']
[221, 243, [135.0, 90.0, -90.0], 'Bifurcation']
[221, 253, [135.0, -0.0, -90.0], 'Bifurcation']
[234, 239, [90.0, -90.0, -45.0], 'Bifurcation']
[236, 241, [135.0, 90.0, -90.0], 'Bifurcation']
[238, 176, [90.0, -180.0, -90.0], 'Bifurcation']
[243, 235, [90.0, -0.0, -135.0], 'Bifurcation']
[248, 260, [90.0, -180.0, -45.0], 'Bifurcation']
[249, 209, [135.0, -0.0, -90.0], 'Bifurcation']
[255, 161, [90.0, -180.0, -0.0], 'Bifurcation']
[41, 137, [-153.434948822922], 'Termination']
[42, 224, [-180.0], 'Termination']
[51, 274, [63.43494882292201], 'Termination']
[54, 233, [-180.0], 'Termination']
[60, 69, [26.56505117707799], 'Termination']
[64, 239, [-180.0], 'Termination']
[74, 68, [-116.56505117707799], 'Termination']
[102, 260, [-180.0], 'Termination']
[113, 167, [45.0], 'Termination']
[147, 236, [-0.0], 'Termination']
[148, 271, [116.56505117707799], 'Termination']
[166, 130, [45.0], 'Termination']
[176, 259, [116.56505117707799], 'Termination']
[182, 267, [116.56505117707799], 'Termination']
[183, 59, [-90.0], 'Termination']
[185, 172, [63.43494882292201], 'Termination']
[185, 191, [45.0], 'Termination']
[191, 81, [116.56505117707799], 'Termination']
[191, 244, [135.0], 'Termination']
[195, 227, [153.434948822922], 'Termination']
[201, 160, [26.56505117707799], 'Termination']
[212, 106, [116.56505117707799], 'Termination']
[214, 52, [-63.43494882292201], 'Termination']
[226, 239, [-90.0], 'Termination']
[241, 84, [135.0], 'Termination']
[249, 240, [-116.56505117707799], 'Termination']
[255, 117, [135.0], 'Termination']
[275, 110, [135.0], 'Termination']
[295, 189, [-180.0], 'Termination']
[299, 98, [-45.0], 'Termination']
[299, 156, [153.434948822922], 'Termination']
[320, 158, [153.434948822922], 'Termination']
[322, 273, [-90.0], 'Termination']
[106, 146, [-0.0, -135.0, -45.0], 'Bifurcation']
[129, 290, [45.0, -180.0, -45.0], 'Bifurcation']
[135, 187, [45.0, -180.0, -90.0], 'Bifurcation']
[138, 292, [45.0, -180.0, -90.0], 'Bifurcation']
[143, 180, [90.0, -0.0, -135.0], 'Bifurcation']
[172, 294, [90.0, -180.0, -45.0], 'Bifurcation']
[181, 225, [90.0, -0.0, -90.0], 'Bifurcation']
[183, 220, [90.0, -0.0, -135.0], 'Bifurcation']
[184, 223, [135.0, 45.0, -90.0], 'Bifurcation']
[186, 219, [90.0, -0.0, -90.0], 'Bifurcation']
[186, 222, [45.0, -180.0, -135.0], 'Bifurcation']
[191, 265, [45.0, -180.0, -45.0], 'Bifurcation']
[193, 187, [90.0, -0.0, -90.0], 'Bifurcation']
[195, 249, [90.0, -0.0, -135.0], 'Bifurcation']
[201, 271, [45.0, -180.0, -45.0], 'Bifurcation']
[205, 260, [90.0, -0.0, -135.0], 'Bifurcation']
[209, 284, [-180.0, -0.0, -90.0], 'Bifurcation']
[214, 269, [90.0, -180.0, -45.0], 'Bifurcation']
[214, 114, [45.0, -180.0, -90.0], 'Bifurcation']
[216, 227, [90.0, -135.0, -45.0], 'Bifurcation']
[218, 239, [90.0, -0.0, -90.0], 'Bifurcation']
[220, 239, [90.0, -180.0, -90.0], 'Bifurcation']
[228, 265, [90.0, -135.0, -45.0], 'Bifurcation']
[257, 114, [90.0, -180.0, -45.0], 'Bifurcation']
[264, 231, [90.0, -180.0, -90.0], 'Bifurcation']
[267, 262, [90.0, -180.0, -45.0], 'Bifurcation']
[275, 290, [45.0, -135.0, -45.0], 'Bifurcation']
[278, 263, [135.0, -0.0, -135.0], 'Bifurcation']
[43, 228, [-180.0], 'Termination']
[48, 195, [-180.0], 'Termination']
[53, 121, [26.56505117707799], 'Termination']
[56, 132, [26.56505117707799], 'Termination']
[59, 150, [-180.0], 'Termination']
[64, 120, [26.56505117707799], 'Termination']
[69, 263, [-180.0], 'Termination']
[74, 116, [26.56505117707799], 'Termination']
[75, 215, [-153.434948822922], 'Termination']
[78, 286, [153.434948822922], 'Termination']
[82, 145, [-153.434948822922], 'Termination']
[88, 163, [-153.434948822922], 'Termination']
[109, 134, [-153.434948822922], 'Termination']
[140, 235, [26.56505117707799], 'Termination']
[144, 287, [26.56505117707799], 'Termination']
[168, 293, [-63.43494882292201], 'Termination']
[172, 112, [116.56505117707799], 'Termination']
[185, 60, [-63.43494882292201], 'Termination']
[186, 273, [-180.0], 'Termination']
[188, 245, [-135.0], 'Termination']
[191, 219, [90.0], 'Termination']
[211, 274, [153.434948822922], 'Termination']
[212, 136, [90.0], 'Termination']
[225, 194, [90.0], 'Termination']
[234, 267, [90.0], 'Termination']
[236, 162, [116.56505117707799], 'Termination']
[256, 268, [90.0], 'Termination']
[259, 82, [135.0], 'Termination']
[262, 135, [135.0], 'Termination']
[279, 169, [135.0], 'Termination']
[279, 209, [135.0], 'Termination']
[286, 130, [-63.43494882292201], 'Termination']
[297, 109, [-45.0], 'Termination']
[298, 159, [153.434948822922], 'Termination']
[316, 114, [-45.0], 'Termination']
[323, 235, [-180.0], 'Termination']
[324, 202, [153.434948822922], 'Termination']
[333, 187, [153.434948822922], 'Termination']