[107, 88, [-0.0, -135.0, -45.0], 'Bifurcation']
[107, 92, [-180.0, -0.0, -135.0], 'Bifurcation']
[109, 90, [135.0, 45.0, -90.0], 'Bifurcation']
[110, 86, [90.0, -180.0, -0.0], 'Bifurcation']
[123, 97, [135.0, -0.0, -135.0], 'Bifurcation']
[139, 86, [45.0, -180.0, -90.0], 'Bifurcation']
[159, 189, [90.0, -180.0, -90.0], 'Bifurcation']
[174, 143, [135.0, -0.0, -90.0], 'Bifurcation']
[181, 246, [45.0, -0.0, -90.0], 'Bifurcation']
[197, 122, [90.0, -0.0, -90.0], 'Bifurcation']
[209, 200, [90.0, -180.0, -90.0], 'Bifurcation']
[217, 179, [90.0, -0.0, -90.0], 'Bifurcation']
[225, 139, [90.0, -0.0, -135.0], 'Bifurcation']
[235, 192, [45.0, -180.0, -90.0], 'Bifurcation']
[254, 257, [90.0, -0.0, -135.0], 'Bifurcation']
[54, 98, [-180.0], 'Termination']
[55, 221, [-26.56505117707799], 'Termination']
[56, 195, [26.56505117707799], 'Termination']
[58, 246, [-26.56505117707799], 'Termination']
[62, 149, [-0.0], 'Termination']
[64, 78, [26.56505117707799], 'Termination']
[74, 164, [-180.0], 'Termination']
[74, 185, [-0.0], 'Termination']
[93, 88, [45.0], 'Termination']
[95, 122, [26.56505117707799], 'Termination']
[105, 267, [116.56505117707799], 'Termination']
[109, 143, [-0.0], 'Termination']
[125, 268, [116.56505117707799], 'Termination']
[129, 129, [-0.0], 'Termination']
[130, 67, [26.56505117707799], 'Termination']
[136, 188, [153.434948822922], 'Termination']
[147, 115, [-180.0], 'Termination']
[150, 184, [-45.0], 'Termination']
[153, 65, [-90.0], 'Termination']
[157, 87, [90.0], 'Termination']
[157, 100, [45.0], 'Termination']
[170, 77, [90.0], 'Termination']
[172, 64, [-90.0], 'Termination']
[187, 257, [116.56505117707799], 'Termination']
[191, 191, [-63.43494882292201], 'Termination']
[192, 62, [-63.43494882292201], 'Termination']
[193, 107, [-90.0], 'Termination']
[196, 97, [116.56505117707799], 'Termination']
[205, 190, [116.56505117707799], 'Termination']
[207, 74, [116.56505117707799], 'Termination']
[222, 219, [63.43494882292201], 'Termination']
[233, 60, [-63.43494882292201], 'Termination']
[234, 270, [-116.56505117707799], 'Termination']
[243, 121, [-63.43494882292201], 'Termination']
[265, 97, [116.56505117707799], 'Termination']
[267, 65, [-63.43494882292201], 'Termination']
[269, 188, [-180.0], 'Termination']
[273, 267, [-153.434948822922], 'Termination']
[277, 125, [116.56505117707799], 'Termination']
[277, 204, [-0.0], 'Termination']
[283, 149, [135.0], 'Termination']
[298, 91, [-63.43494882292201], 'Termination']
[298, 253, [-153.434948822922], 'Termination']
[80, 131, [90.0, -180.0, -0.0], 'Bifurcation']
[90, 93, [90.0, -180.0, -90.0], 'Bifurcation']
[89, 124, [-180.0, -0.0, -90.0], 'Bifurcation']
[109, 92, [135.0, -0.0, -90.0], 'Bifurcation']
[119, 153, [135.0, -0.0, -90.0], 'Bifurcation']
[124, 123, [90.0, -180.0, -0.0], 'Bifurcation']
[125, 251, [90.0, -0.0, -90.0], 'Bifurcation']
[142, 134, [90.0, -0.0, -90.0], 'Bifurcation']
[143, 106, [45.0, -180.0, -90.0], 'Bifurcation']
[148, 207, [90.0, -180.0, -90.0], 'Bifurcation']
[160, 188, [90.0, -0.0, -90.0], 'Bifurcation']
[169, 151, [90.0, -0.0, -90.0], 'Bifurcation']
[177, 202, [-180.0, -0.0, -90.0], 'Bifurcation']
[189, 132, [90.0, -0.0, -90.0], 'Bifurcation']
[194, 265, [90.0, -0.0, -135.0], 'Bifurcation']
[37, 210, [-0.0], 'Termination']
[37, 251, [-45.0], 'Termination']
[38, 141, [-180.0], 'Termination']
[42, 93, [26.56505117707799], 'Termination']
[42, 127, [26.56505117707799], 'Termination']
[56, 149, [26.56505117707799], 'Termination']
[77, 99, [-153.434948822922], 'Termination']
[80, 192, [135.0], 'Termination']
[100, 280, [116.56505117707799], 'Termination']
[104, 109, [45.0], 'Termination']
[106, 74, [-63.43494882292201], 'Termination']
[120, 86, [90.0], 'Termination']
[123, 130, [-63.43494882292201], 'Termination']
[124, 74, [-90.0], 'Termination']
[128, 262, [116.56505117707799], 'Termination']
[134, 199, [-90.0], 'Termination']
[140, 119, [-90.0], 'Termination']
[141, 73, [-63.43494882292201], 'Termination']
[147, 198, [116.56505117707799], 'Termination']
[155, 86, [90.0], 'Termination']
[156, 72, [-90.0], 'Termination']
[161, 228, [90.0], 'Termination']
[167, 281, [-90.0], 'Termination']
[181, 73, [-63.43494882292201], 'Termination']
[182, 282, [-135.0], 'Termination']
[207, 74, [-63.43494882292201], 'Termination']
[208, 283, [-135.0], 'Termination']
[211, 114, [135.0], 'Termination']
[211, 198, [153.434948822922], 'Termination']
[217, 215, [-0.0], 'Termination']
[219, 139, [135.0], 'Termination']
[225, 76, [-63.43494882292201], 'Termination']
[225, 162, [153.434948822922], 'Termination']
[244, 108, [-45.0], 'Termination']
[245, 81, [-45.0], 'Termination']
[259, 194, [-0.0], 'Termination']
[276, 96, [-45.0], 'Termination']
[284, 104, [135.0], 'Termination']
[310, 141, [-45.0], 'Termination']
[59, 201, [-180.0, -0.0, -90.0], 'Bifurcation']
[62, 235, [135.0, -0.0, -90.0], 'Bifurcation']
[75, 245, [135.0, -0.0, -90.0], 'Bifurcation']
[77, 255, [135.0, -0.0, -90.0], 'Bifurcation']
[97, 202, [90.0, -0.0, -135.0], 'Bifurcation']
[137, 120, [90.0, -180.0, -45.0], 'Bifurcation']
[155, 78, [135.0, -0.0, -90.0], 'Bifurcation']
[155, 240, [135.0, -0.0, -90.0], 'Bifurcation']
[162, 174, [45.0, -0.0, -90.0], 'Bifurcation']
[162, 176, [135.0, -180.0, -45.0], 'Bifurcation']
[164, 187, [45.0, -180.0, -90.0], 'Bifurcation']
[180, 57, [90.0, -0.0, -90.0], 'Bifurcation']
[185, 131, [45.0, -180.0, -90.0], 'Bifurcation']
[196, 256, [90.0, 45.0, -135.0], 'Bifurcation']
[195, 258, [135.0, -180.0, -0.0], 'Bifurcation']
[197, 113, [90.0, -0.0, -90.0], 'Bifurcation']
[207, 75, [90.0, -0.0, -90.0], 'Bifurcation']
[228, 189, [90.0, -0.0, -135.0], 'Bifurcation']
[268, 64, [90.0, -180.0, -45.0], 'Bifurcation']
[43, 79, [26.56505117707799], 'Termination']
[51, 217, [-26.56505117707799], 'Termination']
[54, 93, [-180.0], 'Termination']
[54, 116, [-0.0], 'Termination']
[62, 179, [-45.0], 'Termination']
[73, 65, [26.56505117707799], 'Termination']
[80, 254, [63.43494882292201], 'Termination']
[91, 76, [26.56505117707799], 'Termination']
[95, 271, [-116.56505117707799], 'Termination']
[99, 249, [90.0], 'Termination']
[106, 259, [90.0], 'Termination']
[110, 60, [-0.0], 'Termination']
[115, 118, [135.0], 'Termination']
[123, 59, [-45.0], 'Termination']
[125, 231, [90.0], 'Termination']
[130, 117, [-45.0], 'Termination']
[133, 57, [-26.56505117707799], 'Termination']
[150, 268, [-116.56505117707799], 'Termination']
[152, 56, [-45.0], 'Termination']
[152, 225, [63.43494882292201], 'Termination']
[171, 125, [-90.0], 'Termination']
[171, 269, [-116.56505117707799], 'Termination']
[184, 123, [116.56505117707799], 'Termination']
[191, 201, [90.0], 'Termination']
[198, 247, [63.43494882292201], 'Termination']
[199, 152, [90.0], 'Termination']
[208, 221, [63.43494882292201], 'Termination']
[210, 266, [-116.56505117707799], 'Termination']
[213, 130, [-0.0], 'Termination']
[222, 204, [-116.56505117707799], 'Termination']
[228, 58, [-63.43494882292201], 'Termination']
[248, 259, [-116.56505117707799], 'Termination']
[249, 124, [-180.0], 'Termination']
[256, 140, [26.56505117707799], 'Termination']
[265, 89, [153.434948822922], 'Termination']
[300, 118, [-0.0], 'Termination']
[300, 227, [-135.0], 'Termination']
[307, 207, [26.56505117707799], 'Termination']
[70, 238, [45.0, -180.0, -90.0], 'Bifurcation']
[71, 271, [-180.0, -0.0, -90.0], 'Bifurcation']
[107, 240, [90.0, -0.0, -135.0], 'Bifurcation']
[141, 88, [45.0, -180.0, -90.0], 'Bifurcation']
[152, 162, [90.0, -180.0, -90.0], 'Bifurcation']
[154, 114, [135.0, -0.0, -45.0], 'Bifurcation']
[154, 118, [-180.0, -0.0, -135.0], 'Bifurcation']
[156, 116, [135.0, 45.0, -45.0], 'Bifurcation']
[162, 127, [90.0, -180.0, -0.0], 'Bifurcation']
[165, 281, [-180.0, -0.0, -90.0], 'Bifurcation']
[169, 118, [135.0, -0.0, -90.0], 'Bifurcation']
[171, 216, [90.0, -0.0, -90.0], 'Bifurcation']
[174, 85, [45.0, -0.0, -90.0], 'Bifurcation']
[175, 229, [45.0, -180.0, -90.0], 'Bifurcation']
[195, 98, [90.0, -0.0, -90.0], 'Bifurcation']
[198, 174, [45.0, -180.0, -90.0], 'Bifurcation']
[209, 155, [90.0, -0.0, -90.0], 'Bifurcation']
[220, 117, [90.0, -0.0, -90.0], 'Bifurcation']
[226, 169, [45.0, -180.0, -90.0], 'Bifurcation']
[228, 248, [90.0, -180.0, -90.0], 'Bifurcation']
[240, 233, [90.0, -0.0, -135.0], 'Bifurcation']
[283, 109, [90.0, -180.0, -0.0], 'Bifurcation']
[45, 184, [-26.56505117707799], 'Termination']
[47, 158, [-0.0], 'Termination']
[47, 209, [-26.56505117707799], 'Termination']
[57, 113, [26.56505117707799], 'Termination']
[61, 254, [-26.56505117707799], 'Termination']
[66, 151, [-0.0], 'Termination']
[67, 127, [-153.434948822922], 'Termination']
[71, 84, [26.56505117707799], 'Termination']
[72, 215, [-45.0], 'Termination']
[81, 83, [45.0], 'Termination']
[105, 111, [26.56505117707799], 'Termination']
[125, 101, [-0.0], 'Termination']
[128, 158, [135.0], 'Termination']
[136, 272, [116.56505117707799], 'Termination']
[140, 153, [-26.56505117707799], 'Termination']
[164, 267, [90.0], 'Termination']
[176, 93, [-45.0], 'Termination']
[182, 165, [-63.43494882292201], 'Termination']
[193, 76, [-90.0], 'Termination']
[196, 165, [116.56505117707799], 'Termination']
[201, 244, [90.0], 'Termination']
[210, 289, [63.43494882292201], 'Termination']
[211, 194, [63.43494882292201], 'Termination']
[219, 264, [63.43494882292201], 'Termination']
[241, 101, [-63.43494882292201], 'Termination']
[262, 169, [153.434948822922], 'Termination']
[268, 183, [-0.0], 'Termination']
[279, 134, [153.434948822922], 'Termination']
[281, 241, [26.56505117707799], 'Termination']
[305, 273, [-153.434948822922], 'Termination']
[319, 255, [45.0], 'Termination']
[80, 110, [90.0, -180.0, -45.0], 'Bifurcation']
[86, 242, [45.0, -180.0, -90.0], 'Bifurcation']
[118, 155, [-180.0, -0.0, -90.0], 'Bifurcation']
[122, 244, [90.0, -0.0, -90.0], 'Bifurcation']
[146, 99, [90.0, -180.0, -45.0], 'Bifurcation']
[156, 152, [-180.0, -0.0, -90.0], 'Bifurcation']
[157, 91, [-180.0, -0.0, -90.0], 'Bifurcation']
[169, 166, [90.0, -180.0, -45.0], 'Bifurcation']
[169, 116, [-180.0, -0.0, -90.0], 'Bifurcation']
[171, 120, [90.0, 45.0, -135.0], 'Bifurcation']
[178, 130, [90.0, -180.0, -0.0], 'Bifurcation']
[180, 285, [135.0, -0.0, -90.0], 'Bifurcation']
[187, 220, [90.0, -0.0, -90.0], 'Bifurcation']
[190, 90, [90.0, -180.0, -90.0], 'Bifurcation']
[191, 234, [90.0, -180.0, -90.0], 'Bifurcation']
[210, 102, [135.0, -0.0, -90.0], 'Bifurcation']
[215, 178, [45.0, -180.0, -90.0], 'Bifurcation']
[225, 159, [90.0, -0.0, -90.0], 'Bifurcation']
[237, 121, [90.0, -0.0, -90.0], 'Bifurcation']
[243, 253, [90.0, -180.0, -90.0], 'Bifurcation']
[255, 237, [90.0, -0.0, -135.0], 'Bifurcation']
[298, 114, [90.0, -180.0, -45.0], 'Bifurcation']
[60, 78, [26.56505117707799], 'Termination']
[62, 188, [-0.0], 'Termination']
[64, 162, [-0.0], 'Termination']
[64, 214, [-0.0], 'Termination']
[68, 282, [153.434948822922], 'Termination']
[70, 79, [26.56505117707799], 'Termination']
[77, 258, [-26.56505117707799], 'Termination']
[82, 77, [45.0], 'Termination']
[83, 154, [-0.0], 'Termination']
[85, 131, [-180.0], 'Termination']
[88, 219, [-45.0], 'Termination']
[93, 75, [26.56505117707799], 'Termination']
[108, 92, [26.56505117707799], 'Termination']
[122, 114, [26.56505117707799], 'Termination']
[144, 161, [153.434948822922], 'Termination']
[150, 276, [90.0], 'Termination']
[151, 294, [-90.0], 'Termination']
[176, 71, [45.0], 'Termination']
[177, 271, [90.0], 'Termination']
[192, 96, [-45.0], 'Termination']
[192, 123, [-45.0], 'Termination']
[199, 169, [-63.43494882292201], 'Termination']
[208, 85, [-90.0], 'Termination']
[211, 168, [116.56505117707799], 'Termination']
[215, 248, [90.0], 'Termination']
[226, 294, [90.0], 'Termination']
[227, 199, [90.0], 'Termination']
[234, 269, [90.0], 'Termination']
[241, 177, [26.56505117707799], 'Termination']
[257, 105, [-63.43494882292201], 'Termination']
[277, 173, [-180.0], 'Termination']
[283, 188, [-0.0], 'Termination']
[294, 137, [153.434948822922], 'Termination']
[296, 245, [26.56505117707799], 'Termination']
[329, 169, [-0.0], 'Termination']
[37, 233, [135.0, -0.0, -90.0], 'Bifurcation']
[69, 269, [135.0, 45.0, -90.0], 'Bifurcation']
[73, 80, [-180.0, -0.0, -90.0], 'Bifurcation']
[85, 154, [90.0, -180.0, -90.0], 'Bifurcation']
[96, 274, [135.0, -0.0, -90.0], 'Bifurcation']
[104, 207, [45.0, -0.0, -90.0], 'Bifurcation']
[104, 209, [135.0, -180.0, -45.0], 'Bifurcation']
[106, 79, [90.0, -180.0, -45.0], 'Bifurcation']
[107, 220, [45.0, -180.0, -90.0], 'Bifurcation']
[126, 90, [90.0, -0.0, -90.0], 'Bifurcation']
[132, 164, [45.0, -180.0, -90.0], 'Bifurcation']
[142, 145, [90.0, -0.0, -90.0], 'Bifurcation']
[154, 108, [90.0, -0.0, -90.0], 'Bifurcation']
[160, 159, [-180.0, -0.0, -90.0], 'Bifurcation']
[172, 87, [90.0, -0.0, -90.0], 'Bifurcation']
[172, 222, [90.0, 45.0, -135.0], 'Bifurcation']
[171, 224, [135.0, 45.0, -180.0], 'Bifurcation']
[235, 265, [90.0, -180.0, -90.0], 'Bifurcation']
[38, 163, [-26.56505117707799], 'Termination']
[58, 93, [-0.0], 'Termination']
[61, 150, [153.434948822922], 'Termination']
[74, 146, [-45.0], 'Termination']
[78, 66, [26.56505117707799], 'Termination']
[93, 260, [90.0], 'Termination']
[107, 85, [-45.0], 'Termination']
[108, 111, [-63.43494882292201], 'Termination']
[114, 287, [-116.56505117707799], 'Termination']
[118, 157, [-90.0], 'Termination']
[124, 74, [-90.0], 'Termination']
[129, 155, [116.56505117707799], 'Termination']
[132, 235, [90.0], 'Termination']
[144, 185, [90.0], 'Termination']
[149, 255, [63.43494882292201], 'Termination']
[159, 285, [-90.0], 'Termination']
[162, 239, [-116.56505117707799], 'Termination']
[173, 286, [-116.56505117707799], 'Termination']
[194, 157, [-180.0], 'Termination']
[199, 70, [135.0], 'Termination']
[200, 174, [26.56505117707799], 'Termination']
[205, 96, [116.56505117707799], 'Termination']
[209, 120, [153.434948822922], 'Termination']
[211, 230, [26.56505117707799], 'Termination']
[243, 152, [-0.0], 'Termination']
[249, 241, [26.56505117707799], 'Termination']
[52, 177, [135.0, -135.0, -90.0], 'Bifurcation']
[55, 176, [135.0, 45.0, -0.0], 'Bifurcation']
[76, 233, [90.0, 45.0, -90.0], 'Bifurcation']
[75, 235, [135.0, -180.0, -45.0], 'Bifurcation']
[80, 247, [135.0, 45.0, -90.0], 'Bifurcation']
[96, 114, [135.0, -0.0, -90.0], 'Bifurcation']
[103, 189, [45.0, -180.0, -90.0], 'Bifurcation']
[113, 170, [90.0, -0.0, -90.0], 'Bifurcation']
[124, 132, [90.0, -0.0, -90.0], 'Bifurcation']
[131, 184, [45.0, -180.0, -90.0], 'Bifurcation']
[143, 249, [90.0, -0.0, -135.0], 'Bifurcation']
[36, 219, [-45.0], 'Termination']
[37, 167, [-26.56505117707799], 'Termination']
[37, 186, [-26.56505117707799], 'Termination']
[37, 198, [-45.0], 'Termination']
[38, 145, [-0.0], 'Termination']
[49, 174, [-45.0], 'Termination']
[56, 90, [45.0], 'Termination']
[77, 109, [-63.43494882292201], 'Termination']
[79, 135, [-63.43494882292201], 'Termination']
[80, 99, [-90.0], 'Termination']
[89, 182, [-90.0], 'Termination']
[93, 97, [-90.0], 'Termination']
[101, 180, [116.56505117707799], 'Termination']
[103, 262, [90.0], 'Termination']
[113, 78, [-90.0], 'Termination']
[114, 211, [90.0], 'Termination']
[132, 74, [-63.43494882292201], 'Termination']
[137, 264, [-116.56505117707799], 'Termination']
[142, 115, [-63.43494882292201], 'Termination']
[165, 181, [153.434948822922], 'Termination']
[169, 94, [135.0], 'Termination']
[171, 198, [-0.0], 'Termination']
[175, 121, [135.0], 'Termination']
[178, 144, [153.434948822922], 'Termination']
[183, 257, [26.56505117707799], 'Termination']
[203, 89, [-45.0], 'Termination']
[213, 177, [-0.0], 'Termination']
[223, 266, [26.56505117707799], 'Termination']
[44, 98, [90.0, -0.0, -135.0], 'Bifurcation']
[95, 275, [-180.0, -0.0, -90.0], 'Bifurcation']
[146, 261, [90.0, -0.0, -90.0], 'Bifurcation']
[176, 104, [-180.0, -0.0, -90.0], 'Bifurcation']
[181, 169, [-180.0, -0.0, -90.0], 'Bifurcation']
[184, 173, [90.0, 45.0, -180.0], 'Bifurcation']
[189, 177, [90.0, -180.0, -45.0], 'Bifurcation']
[206, 134, [-180.0, -0.0, -90.0], 'Bifurcation']
[210, 103, [90.0, -180.0, -45.0], 'Bifurcation']
[212, 233, [45.0, -0.0, -90.0], 'Bifurcation']
[212, 235, [135.0, -180.0, -45.0], 'Bifurcation']
[216, 247, [90.0, -180.0, -90.0], 'Bifurcation']
[230, 113, [90.0, -0.0, -90.0], 'Bifurcation']
[233, 84, [45.0, -180.0, -90.0], 'Bifurcation']
[236, 188, [45.0, -180.0, -90.0], 'Bifurcation']
[249, 170, [135.0, -0.0, -90.0], 'Bifurcation']
[258, 131, [90.0, -0.0, -90.0], 'Bifurcation']
[266, 183, [-180.0, -0.0, -90.0], 'Bifurcation']
[269, 263, [90.0, -180.0, -45.0], 'Bifurcation']
[277, 110, [90.0, -0.0, -90.0], 'Bifurcation']
[280, 247, [90.0, -0.0, -135.0], 'Bifurcation']
[317, 120, [90.0, -180.0, -45.0], 'Bifurcation']
[54, 176, [-180.0], 'Termination']
[55, 229, [-0.0], 'Termination']
[61, 248, [-26.56505117707799], 'Termination']
[67, 280, [153.434948822922], 'Termination']
[77, 282, [153.434948822922], 'Termination']
[85, 206, [-0.0], 'Termination']
[86, 179, [-0.0], 'Termination']
[87, 232, [-0.0], 'Termination']
[96, 134, [26.56505117707799], 'Termination']
[106, 149, [-180.0], 'Termination']
[106, 173, [-0.0], 'Termination']
[106, 285, [135.0], 'Termination']
[109, 263, [-26.56505117707799], 'Termination']
[113, 237, [-26.56505117707799], 'Termination']
[118, 286, [135.0], 'Termination']
[128, 108, [26.56505117707799], 'Termination']
[138, 290, [116.56505117707799], 'Termination']
[142, 130, [-0.0], 'Termination']
[162, 79, [26.56505117707799], 'Termination']
[162, 117, [-0.0], 'Termination']
[167, 176, [153.434948822922], 'Termination']
[172, 77, [45.0], 'Termination']
[173, 293, [116.56505117707799], 'Termination']
[191, 89, [63.43494882292201], 'Termination']
[192, 74, [63.43494882292201], 'Termination']
[210, 109, [-63.43494882292201], 'Termination']
[222, 180, [-63.43494882292201], 'Termination']
[227, 98, [-90.0], 'Termination']
[232, 75, [-90.0], 'Termination']
[235, 179, [116.56505117707799], 'Termination']
[235, 292, [-116.56505117707799], 'Termination']
[241, 261, [90.0], 'Termination']
[250, 209, [63.43494882292201], 'Termination']
[278, 80, [-90.0], 'Termination']
[302, 181, [153.434948822922], 'Termination']
[308, 196, [-0.0], 'Termination']
[316, 144, [-180.0], 'Termination']
[100, 112, [90.0, -180.0, -45.0], 'Bifurcation']
[110, 244, [-180.0, -0.0, -90.0], 'Bifurcation']
[146, 109, [90.0, -180.0, -45.0], 'Bifurcation']
[146, 245, [90.0, -0.0, -90.0], 'Bifurcation']
[167, 98, [90.0, -180.0, -45.0], 'Bifurcation']
[177, 90, [-180.0, -0.0, -90.0], 'Bifurcation']
[180, 280, [135.0, 45.0, -90.0], 'Bifurcation']
[187, 94, [90.0, -180.0, -45.0], 'Bifurcation']
[187, 106, [-180.0, -0.0, -90.0], 'Bifurcation']
[190, 114, [90.0, -180.0, -90.0], 'Bifurcation']
[192, 114, [90.0, -180.0, -0.0], 'Bifurcation']
[192, 164, [90.0, -180.0, -45.0], 'Bifurcation']
[195, 121, [135.0, -0.0, -90.0], 'Bifurcation']
[199, 127, [90.0, -0.0, -135.0], 'Bifurcation']
[205, 285, [135.0, -0.0, -90.0], 'Bifurcation']
[206, 93, [-180.0, -0.0, -90.0], 'Bifurcation']
[207, 119, [135.0, -0.0, -90.0], 'Bifurcation']
[211, 88, [90.0, -180.0, -45.0], 'Bifurcation']
[211, 218, [90.0, -0.0, -90.0], 'Bifurcation']
[216, 232, [45.0, -180.0, -90.0], 'Bifurcation']
[231, 99, [135.0, -0.0, -90.0], 'Bifurcation']
[238, 174, [45.0, -180.0, -90.0], 'Bifurcation']
[248, 155, [135.0, -0.0, -90.0], 'Bifurcation']
[258, 116, [90.0, -0.0, -90.0], 'Bifurcation']
[282, 233, [90.0, -0.0, -135.0], 'Bifurcation']
[321, 107, [90.0, -180.0, -45.0], 'Bifurcation']
[42, 196, [-0.0], 'Termination']
[53, 161, [-180.0], 'Termination']
[55, 213, [-0.0], 'Termination']
[62, 232, [-0.0], 'Termination']
[67, 81, [-0.0], 'Termination']
[78, 79, [-0.0], 'Termination']
[85, 190, [-0.0], 'Termination']
[86, 163, [26.56505117707799], 'Termination']
[87, 216, [-0.0], 'Termination']
[90, 79, [26.56505117707799], 'Termination']
[102, 78, [45.0], 'Termination']
[102, 261, [-26.56505117707799], 'Termination']
[105, 156, [-0.0], 'Termination']
[106, 131, [-180.0], 'Termination']
[112, 75, [26.56505117707799], 'Termination']
[115, 223, [-26.56505117707799], 'Termination']
[123, 287, [135.0], 'Termination']
[128, 92, [26.56505117707799], 'Termination']
[166, 159, [135.0], 'Termination']
[179, 156, [-45.0], 'Termination']
[181, 67, [45.0], 'Termination']
[184, 97, [-153.434948822922], 'Termination']
[194, 292, [-90.0], 'Termination']
[204, 272, [116.56505117707799], 'Termination']
[221, 165, [-63.43494882292201], 'Termination']
[228, 83, [-90.0], 'Termination']
[235, 165, [116.56505117707799], 'Termination']
[242, 246, [90.0], 'Termination']
[251, 195, [90.0], 'Termination']
[259, 67, [-63.43494882292201], 'Termination']
[260, 291, [-116.56505117707799], 'Termination']
[261, 266, [63.43494882292201], 'Termination']
[265, 173, [-0.0], 'Termination']
[272, 251, [-135.0], 'Termination']
[279, 100, [-63.43494882292201], 'Termination']
[302, 167, [-180.0], 'Termination']
[309, 183, [-0.0], 'Termination']
[318, 130, [153.434948822922], 'Termination']
[95, 256, [-180.0, -0.0, -90.0], 'Bifurcation']
[132, 258, [90.0, -0.0, -135.0], 'Bifurcation']
[152, 111, [90.0, -180.0, -45.0], 'Bifurcation']
[162, 102, [-180.0, -0.0, -90.0], 'Bifurcation']
[172, 107, [90.0, -180.0, -45.0], 'Bifurcation']
[172, 113, [90.0, -0.0, -135.0], 'Bifurcation']
[172, 120, [-180.0, -0.0, -90.0], 'Bifurcation']
[174, 124, [90.0, 45.0, -135.0], 'Bifurcation']
[174, 176, [90.0, -180.0, -90.0], 'Bifurcation']
[176, 127, [90.0, -0.0, -135.0], 'Bifurcation']
[179, 133, [-180.0, -0.0, -90.0], 'Bifurcation']
[182, 139, [90.0, -135.0, -45.0], 'Bifurcation']
[184, 138, [90.0, -180.0, -0.0], 'Bifurcation']
[184, 140, [90.0, -180.0, -0.0], 'Bifurcation']
[192, 132, [135.0, -0.0, -90.0], 'Bifurcation']
[196, 102, [90.0, -180.0, -90.0], 'Bifurcation']
[196, 231, [45.0, -0.0, -90.0], 'Bifurcation']
[196, 233, [135.0, -180.0, -45.0], 'Bifurcation']
[200, 245, [45.0, -180.0, -90.0], 'Bifurcation']
[215, 112, [135.0, -0.0, -90.0], 'Bifurcation']
[221, 187, [45.0, -180.0, -90.0], 'Bifurcation']
[222, 83, [135.0, 45.0, -90.0], 'Bifurcation']
[232, 168, [90.0, -0.0, -90.0], 'Bifurcation']
[242, 130, [135.0, -0.0, -90.0], 'Bifurcation']
[266, 246, [90.0, -0.0, -135.0], 'Bifurcation']
[303, 120, [90.0, -180.0, -45.0], 'Bifurcation']
[46, 243, [-26.56505117707799], 'Termination']
[56, 83, [26.56505117707799], 'Termination']
[68, 81, [-0.0], 'Termination']
[70, 201, [-0.0], 'Termination']
[71, 228, [-26.56505117707799], 'Termination']
[72, 175, [-0.0], 'Termination']
[76, 282, [153.434948822922], 'Termination']
[78, 71, [-135.0], 'Termination']
[81, 83, [26.56505117707799], 'Termination']
[81, 129, [-0.0], 'Termination']
[86, 272, [-45.0], 'Termination']
[91, 166, [-0.0], 'Termination']
[92, 145, [-180.0], 'Termination']
[93, 80, [26.56505117707799], 'Termination']
[96, 285, [135.0], 'Termination']
[98, 234, [-45.0], 'Termination']
[114, 103, [-0.0], 'Termination']
[128, 126, [26.56505117707799], 'Termination']
[152, 173, [135.0], 'Termination']
[158, 77, [26.56505117707799], 'Termination']
[163, 291, [116.56505117707799], 'Termination']
[164, 169, [-45.0], 'Termination']
[173, 291, [-63.43494882292201], 'Termination']
[177, 74, [90.0], 'Termination']
[178, 86, [45.0], 'Termination']
[189, 284, [90.0], 'Termination']
[195, 107, [-63.43494882292201], 'Termination']
[202, 295, [-116.56505117707799], 'Termination']
[205, 179, [-90.0], 'Termination']
[213, 96, [-90.0], 'Termination']
[220, 179, [116.56505117707799], 'Termination']
[226, 259, [90.0], 'Termination']
[235, 208, [63.43494882292201], 'Termination']
[237, 291, [-116.56505117707799], 'Termination']
[245, 280, [63.43494882292201], 'Termination']
[249, 186, [26.56505117707799], 'Termination']
[255, 289, [-135.0], 'Termination']
[256, 264, [-116.56505117707799], 'Termination']
[262, 113, [-63.43494882292201], 'Termination']
[285, 179, [-180.0], 'Termination']
[289, 263, [45.0], 'Termination']
[291, 93, [135.0], 'Termination']
[292, 197, [26.56505117707799], 'Termination']
[302, 145, [153.434948822922], 'Termination']
[328, 208, [-0.0], 'Termination']
[332, 163, [-180.0], 'Termination']