[39, 207, [45.0, -180.0, -90.0], 'Bifurcation']
[51, 204, [45.0, -180.0, -90.0], 'Bifurcation']
[62, 122, [45.0, -180.0, -45.0], 'Bifurcation']
[71, 206, [135.0, 45.0, -90.0], 'Bifurcation']
[72, 215, [135.0, -0.0, -90.0], 'Bifurcation']
[88, 194, [90.0, -0.0, -135.0], 'Bifurcation']
[107, 221, [90.0, -0.0, -90.0], 'Bifurcation']
[119, 201, [90.0, -180.0, -45.0], 'Bifurcation']
[146, 290, [90.0, -180.0, -90.0], 'Bifurcation']
[146, 228, [90.0, -180.0, -0.0], 'Bifurcation']
[157, 253, [90.0, -0.0, -135.0], 'Bifurcation']
[177, 181, [90.0, -0.0, -135.0], 'Bifurcation']
[206, 242, [45.0, -135.0, -45.0], 'Bifurcation']
[37, 266, [-135.0], 'Termination']
[38, 203, [-26.56505117707799], 'Termination']
[58, 192, [116.56505117707799], 'Termination']
[77, 244, [45.0], 'Termination']
[80, 288, [-116.56505117707799], 'Termination']
[82, 265, [-116.56505117707799], 'Termination']
[102, 266, [45.0], 'Termination']
[111, 273, [-135.0], 'Termination']
[113, 130, [-45.0], 'Termination']
[119, 253, [-135.0], 'Termination']
[128, 149, [135.0], 'Termination']
[132, 94, [-63.43494882292201], 'Termination']
[135, 186, [-0.0], 'Termination']
[145, 96, [-45.0], 'Termination']
[155, 97, [-45.0], 'Termination']
[155, 237, [-153.434948822922], 'Termination']
[171, 105, [-45.0], 'Termination']
[181, 108, [-26.56505117707799], 'Termination']
[213, 120, [-45.0], 'Termination']
[229, 130, [-26.56505117707799], 'Termination']
[241, 138, [-0.0], 'Termination']
[254, 148, [-0.0], 'Termination']
[268, 170, [-0.0], 'Termination']
[277, 183, [-0.0], 'Termination']
[88, 113, [90.0, -180.0, -0.0], 'Bifurcation']
[91, 259, [90.0, -180.0, -45.0], 'Bifurcation']
[95, 203, [45.0, -180.0, -90.0], 'Bifurcation']
[102, 158, [-180.0, -0.0, -90.0], 'Bifurcation']
[107, 186, [-180.0, -0.0, -90.0], 'Bifurcation']
[122, 198, [90.0, -180.0, -90.0], 'Bifurcation']
[122, 177, [45.0, -180.0, -90.0], 'Bifurcation']
[136, 197, [45.0, -180.0, -90.0], 'Bifurcation']
[150, 156, [-180.0, -0.0, -90.0], 'Bifurcation']
[154, 210, [135.0, -0.0, -90.0], 'Bifurcation']
[155, 202, [45.0, -180.0, -90.0], 'Bifurcation']
[175, 193, [90.0, -0.0, -90.0], 'Bifurcation']
[187, 222, [135.0, -0.0, -90.0], 'Bifurcation']
[204, 204, [90.0, -180.0, -0.0], 'Bifurcation']
[219, 155, [90.0, -180.0, -0.0], 'Bifurcation']
[223, 259, [90.0, -0.0, -90.0], 'Bifurcation']
[43, 213, [45.0], 'Termination']
[43, 234, [-116.56505117707799], 'Termination']
[53, 217, [-135.0], 'Termination']
[59, 147, [-0.0], 'Termination']
[76, 174, [-0.0], 'Termination']
[79, 133, [-0.0], 'Termination']
[82, 190, [-153.434948822922], 'Termination']
[106, 73, [26.56505117707799], 'Termination']
[106, 121, [-26.56505117707799], 'Termination']
[110, 194, [-153.434948822922], 'Termination']
[115, 273, [-116.56505117707799], 'Termination']
[138, 122, [-26.56505117707799], 'Termination']
[147, 233, [63.43494882292201], 'Termination']
[148, 188, [90.0], 'Termination']
[165, 264, [63.43494882292201], 'Termination']
[172, 272, [-116.56505117707799], 'Termination']
[183, 87, [-45.0], 'Termination']
[184, 256, [-116.56505117707799], 'Termination']
[198, 134, [-26.56505117707799], 'Termination']
[210, 180, [-0.0], 'Termination']
[221, 190, [-0.0], 'Termination']
[254, 109, [-26.56505117707799], 'Termination']
[260, 185, [-180.0], 'Termination']
[273, 257, [26.56505117707799], 'Termination']
[291, 131, [-45.0], 'Termination']
[320, 161, [-26.56505117707799], 'Termination']
[95, 149, [-180.0, -0.0, -90.0], 'Bifurcation']
[106, 184, [45.0, -180.0, -90.0], 'Bifurcation']
[112, 160, [45.0, -180.0, -90.0], 'Bifurcation']
[121, 117, [-180.0, -0.0, -90.0], 'Bifurcation']
[125, 144, [-180.0, -0.0, -90.0], 'Bifurcation']
[139, 135, [-180.0, -0.0, -90.0], 'Bifurcation']
[153, 155, [45.0, -180.0, -90.0], 'Bifurcation']
[167, 113, [-180.0, -0.0, -90.0], 'Bifurcation']
[170, 169, [135.0, -0.0, -90.0], 'Bifurcation']
[172, 160, [135.0, -0.0, -90.0], 'Bifurcation']
[175, 124, [90.0, -180.0, -45.0], 'Bifurcation']
[193, 153, [90.0, -0.0, -90.0], 'Bifurcation']
[202, 181, [90.0, -0.0, -90.0], 'Bifurcation']
[220, 165, [90.0, -0.0, -135.0], 'Bifurcation']
[234, 220, [90.0, -0.0, -90.0], 'Bifurcation']
[235, 194, [90.0, -0.0, -90.0], 'Bifurcation']
[235, 116, [90.0, -180.0, -0.0], 'Bifurcation']
[40, 180, [-135.0], 'Termination']
[52, 85, [26.56505117707799], 'Termination']
[59, 169, [26.56505117707799], 'Termination']
[63, 238, [45.0], 'Termination']
[69, 173, [-135.0], 'Termination']
[79, 102, [-0.0], 'Termination']
[95, 130, [-0.0], 'Termination']
[99, 89, [-0.0], 'Termination']
[104, 73, [26.56505117707799], 'Termination']
[118, 225, [-90.0], 'Termination']
[125, 78, [-26.56505117707799], 'Termination']
[128, 151, [-153.434948822922], 'Termination']
[131, 59, [-0.0], 'Termination']
[132, 229, [-116.56505117707799], 'Termination']
[138, 152, [116.56505117707799], 'Termination']
[156, 80, [-26.56505117707799], 'Termination']
[162, 191, [63.43494882292201], 'Termination']
[164, 147, [135.0], 'Termination']
[177, 223, [90.0], 'Termination']
[182, 232, [-116.56505117707799], 'Termination']
[194, 272, [-116.56505117707799], 'Termination']
[201, 213, [-116.56505117707799], 'Termination']
[234, 57, [-45.0], 'Termination']
[238, 152, [-0.0], 'Termination']
[239, 206, [-135.0], 'Termination']
[244, 60, [-45.0], 'Termination']
[257, 65, [-45.0], 'Termination']
[264, 255, [-116.56505117707799], 'Termination']
[270, 72, [-26.56505117707799], 'Termination']
[275, 148, [-180.0], 'Termination']
[278, 253, [-116.56505117707799], 'Termination']
[283, 221, [45.0], 'Termination']
[303, 89, [-26.56505117707799], 'Termination']
[317, 99, [-0.0], 'Termination']
[328, 109, [-0.0], 'Termination']
[95, 149, [-180.0, -0.0, -90.0], 'Bifurcation']
[106, 184, [45.0, -180.0, -90.0], 'Bifurcation']
[112, 160, [45.0, -180.0, -90.0], 'Bifurcation']
[121, 117, [-180.0, -0.0, -90.0], 'Bifurcation']
[125, 144, [-180.0, -0.0, -90.0], 'Bifurcation']
[139, 135, [-180.0, -0.0, -90.0], 'Bifurcation']
[153, 155, [45.0, -180.0, -90.0], 'Bifurcation']
[167, 113, [-180.0, -0.0, -90.0], 'Bifurcation']
[170, 169, [135.0, -0.0, -90.0], 'Bifurcation']
[172, 160, [135.0, -0.0, -90.0], 'Bifurcation']
[175, 124, [90.0, -180.0, -45.0], 'Bifurcation']
[193, 153, [90.0, -0.0, -90.0], 'Bifurcation']
[202, 181, [90.0, -0.0, -90.0], 'Bifurcation']
[220, 165, [90.0, -0.0, -135.0], 'Bifurcation']
[234, 220, [90.0, -0.0, -90.0], 'Bifurcation']
[235, 194, [90.0, -0.0, -90.0], 'Bifurcation']
[235, 116, [90.0, -180.0, -0.0], 'Bifurcation']
[40, 180, [-135.0], 'Termination']
[52, 85, [26.56505117707799], 'Termination']
[59, 169, [26.56505117707799], 'Termination']
[63, 238, [45.0], 'Termination']
[69, 173, [-135.0], 'Termination']
[79, 102, [-0.0], 'Termination']
[95, 130, [-0.0], 'Termination']
[99, 89, [-0.0], 'Termination']
[104, 73, [26.56505117707799], 'Termination']
[118, 225, [-90.0], 'Termination']
[125, 78, [-26.56505117707799], 'Termination']
[128, 151, [-153.434948822922], 'Termination']
[131, 59, [-0.0], 'Termination']
[132, 229, [-116.56505117707799], 'Termination']
[138, 152, [116.56505117707799], 'Termination']
[156, 80, [-26.56505117707799], 'Termination']
[162, 191, [63.43494882292201], 'Termination']
[164, 147, [135.0], 'Termination']
[177, 223, [90.0], 'Termination']
[182, 232, [-116.56505117707799], 'Termination']
[194, 272, [-116.56505117707799], 'Termination']
[201, 213, [-116.56505117707799], 'Termination']
[234, 57, [-45.0], 'Termination']
[238, 152, [-0.0], 'Termination']
[239, 206, [-135.0], 'Termination']
[244, 60, [-45.0], 'Termination']
[257, 65, [-45.0], 'Termination']
[264, 255, [-116.56505117707799], 'Termination']
[270, 72, [-26.56505117707799], 'Termination']
[275, 148, [-180.0], 'Termination']
[278, 253, [-116.56505117707799], 'Termination']
[283, 221, [45.0], 'Termination']
[303, 89, [-26.56505117707799], 'Termination']
[317, 99, [-0.0], 'Termination']
[328, 109, [-0.0], 'Termination']
[49, 231, [135.0, -0.0, -90.0], 'Bifurcation']
[51, 261, [135.0, 45.0, -135.0], 'Bifurcation']
[92, 180, [45.0, -180.0, -90.0], 'Bifurcation']
[117, 157, [-180.0, -0.0, -90.0], 'Bifurcation']
[124, 200, [135.0, -0.0, -90.0], 'Bifurcation']
[127, 225, [135.0, 45.0, -90.0], 'Bifurcation']
[130, 180, [-180.0, -0.0, -90.0], 'Bifurcation']
[142, 167, [90.0, -0.0, -90.0], 'Bifurcation']
[149, 187, [135.0, 45.0, -90.0], 'Bifurcation']
[160, 181, [135.0, -0.0, -90.0], 'Bifurcation']
[162, 137, [90.0, -0.0, -90.0], 'Bifurcation']
[163, 139, [135.0, -0.0, -135.0], 'Bifurcation']
[164, 137, [90.0, -0.0, -90.0], 'Bifurcation']
[174, 144, [45.0, -180.0, -135.0], 'Bifurcation']
[177, 147, [90.0, -180.0, -90.0], 'Bifurcation']
[181, 178, [90.0, -0.0, -90.0], 'Bifurcation']
[183, 187, [90.0, -0.0, -135.0], 'Bifurcation']
[183, 265, [90.0, -0.0, -90.0], 'Bifurcation']
[199, 164, [90.0, -180.0, -0.0], 'Bifurcation']
[218, 186, [90.0, -0.0, -135.0], 'Bifurcation']
[228, 164, [90.0, -180.0, -45.0], 'Bifurcation']
[252, 247, [45.0, -180.0, -90.0], 'Bifurcation']
[261, 209, [90.0, -180.0, -0.0], 'Bifurcation']
[262, 193, [-180.0, -0.0, -90.0], 'Bifurcation']
[51, 281, [-153.434948822922], 'Termination']
[69, 161, [-0.0], 'Termination']
[77, 229, [45.0], 'Termination']
[80, 72, [-180.0], 'Termination']
[81, 124, [-0.0], 'Termination']
[82, 249, [-135.0], 'Termination']
[84, 142, [-0.0], 'Termination']
[87, 230, [-153.434948822922], 'Termination']
[97, 121, [-45.0], 'Termination']
[99, 283, [-135.0], 'Termination']
[108, 192, [-180.0], 'Termination']
[135, 109, [-45.0], 'Termination']
[136, 251, [-135.0], 'Termination']
[137, 187, [153.434948822922], 'Termination']
[157, 74, [-63.43494882292201], 'Termination']
[169, 169, [116.56505117707799], 'Termination']
[171, 72, [-63.43494882292201], 'Termination']
[184, 217, [45.0], 'Termination']
[188, 291, [-135.0], 'Termination']
[195, 97, [-63.43494882292201], 'Termination']
[198, 69, [-63.43494882292201], 'Termination']
[208, 65, [-63.43494882292201], 'Termination']
[208, 233, [45.0], 'Termination']
[217, 238, [-135.0], 'Termination']
[218, 111, [135.0], 'Termination']
[222, 285, [-135.0], 'Termination']
[226, 69, [-63.43494882292201], 'Termination']
[229, 213, [-153.434948822922], 'Termination']
[239, 70, [-45.0], 'Termination']
[240, 143, [-26.56505117707799], 'Termination']
[251, 72, [-63.43494882292201], 'Termination']
[252, 191, [26.56505117707799], 'Termination']
[265, 75, [-63.43494882292201], 'Termination']
[271, 122, [-180.0], 'Termination']
[277, 248, [-116.56505117707799], 'Termination']
[279, 80, [-63.43494882292201], 'Termination']
[296, 87, [-26.56505117707799], 'Termination']
[301, 229, [-135.0], 'Termination']
[306, 190, [-0.0], 'Termination']
[101, 233, [-180.0, -0.0, -90.0], 'Bifurcation']
[171, 164, [135.0, -0.0, -90.0], 'Bifurcation']
[176, 209, [135.0, 45.0, -135.0], 'Bifurcation']
[177, 233, [135.0, -0.0, -90.0], 'Bifurcation']
[183, 190, [-180.0, -0.0, -90.0], 'Bifurcation']
[195, 176, [135.0, -0.0, -90.0], 'Bifurcation']
[196, 196, [-180.0, -0.0, -90.0], 'Bifurcation']
[202, 189, [-180.0, -0.0, -90.0], 'Bifurcation']
[211, 190, [135.0, -0.0, -90.0], 'Bifurcation']
[222, 150, [90.0, -0.0, -90.0], 'Bifurcation']
[231, 157, [90.0, -180.0, -90.0], 'Bifurcation']
[233, 197, [90.0, -0.0, -135.0], 'Bifurcation']
[233, 188, [135.0, -0.0, -135.0], 'Bifurcation']
[251, 174, [90.0, -0.0, -135.0], 'Bifurcation']
[269, 196, [90.0, -0.0, -135.0], 'Bifurcation']
[280, 174, [90.0, -180.0, -0.0], 'Bifurcation']
[302, 196, [90.0, -0.0, -135.0], 'Bifurcation']
[311, 205, [-180.0, -0.0, -90.0], 'Bifurcation']
[75, 263, [26.56505117707799], 'Termination']
[77, 222, [-153.434948822922], 'Termination']
[85, 271, [26.56505117707799], 'Termination']
[123, 282, [-116.56505117707799], 'Termination']
[125, 168, [-0.0], 'Termination']
[140, 149, [-0.0], 'Termination']
[150, 188, [-0.0], 'Termination']
[151, 87, [-63.43494882292201], 'Termination']
[155, 129, [-26.56505117707799], 'Termination']
[159, 246, [-135.0], 'Termination']
[161, 202, [-180.0], 'Termination']
[187, 292, [-135.0], 'Termination']
[188, 197, [-180.0], 'Termination']
[190, 117, [-45.0], 'Termination']
[197, 292, [45.0], 'Termination']
[206, 195, [-135.0], 'Termination']
[206, 284, [-116.56505117707799], 'Termination']
[210, 75, [-63.43494882292201], 'Termination']
[222, 178, [90.0], 'Termination']
[230, 281, [-116.56505117707799], 'Termination']
[271, 75, [-63.43494882292201], 'Termination']
[272, 122, [135.0], 'Termination']
[280, 220, [-135.0], 'Termination']
[283, 75, [-45.0], 'Termination']
[288, 241, [-135.0], 'Termination']
[292, 154, [-26.56505117707799], 'Termination']
[302, 81, [-45.0], 'Termination']
[313, 83, [-45.0], 'Termination']
[324, 133, [153.434948822922], 'Termination']
[331, 90, [-45.0], 'Termination']
[46, 217, [-180.0, -0.0, -90.0], 'Bifurcation']
[47, 247, [-180.0, -0.0, -90.0], 'Bifurcation']
[91, 168, [-180.0, -0.0, -90.0], 'Bifurcation']
[101, 107, [-180.0, -0.0, -90.0], 'Bifurcation']
[118, 146, [135.0, -0.0, -90.0], 'Bifurcation']
[122, 189, [-180.0, -0.0, -90.0], 'Bifurcation']
[124, 213, [-180.0, -0.0, -90.0], 'Bifurcation']
[129, 169, [-180.0, -0.0, -90.0], 'Bifurcation']
[142, 157, [90.0, -0.0, -90.0], 'Bifurcation']
[143, 174, [-180.0, -0.0, -45.0], 'Bifurcation']
[143, 178, [45.0, -180.0, -135.0], 'Bifurcation']
[145, 176, [135.0, 45.0, -90.0], 'Bifurcation']
[160, 170, [90.0, -0.0, -90.0], 'Bifurcation']
[174, 135, [135.0, -135.0, -45.0], 'Bifurcation']
[180, 168, [90.0, -0.0, -90.0], 'Bifurcation']
[199, 155, [90.0, -180.0, -0.0], 'Bifurcation']
[218, 176, [90.0, -0.0, -135.0], 'Bifurcation']
[228, 155, [90.0, -180.0, -45.0], 'Bifurcation']
[56, 281, [-153.434948822922], 'Termination']
[63, 113, [-0.0], 'Termination']
[70, 147, [-0.0], 'Termination']
[79, 236, [-135.0], 'Termination']
[83, 111, [-26.56505117707799], 'Termination']
[85, 130, [-26.56505117707799], 'Termination']
[107, 182, [-180.0], 'Termination']
[134, 239, [-135.0], 'Termination']
[136, 177, [153.434948822922], 'Termination']
[138, 99, [-45.0], 'Termination']
[139, 76, [-45.0], 'Termination']
[151, 74, [-45.0], 'Termination']
[157, 111, [-45.0], 'Termination']
[161, 72, [-45.0], 'Termination']
[168, 159, [116.56505117707799], 'Termination']
[180, 181, [45.0], 'Termination']
[180, 257, [-153.434948822922], 'Termination']
[198, 67, [-63.43494882292201], 'Termination']
[200, 89, [-45.0], 'Termination']
[201, 288, [-116.56505117707799], 'Termination']
[208, 223, [45.0], 'Termination']
[218, 134, [-26.56505117707799], 'Termination']
[218, 226, [-135.0], 'Termination']
[221, 103, [116.56505117707799], 'Termination']
[223, 243, [45.0], 'Termination']
[226, 141, [153.434948822922], 'Termination']
[227, 129, [-26.56505117707799], 'Termination']
[228, 203, [-135.0], 'Termination']
[228, 252, [-116.56505117707799], 'Termination']
[241, 135, [-26.56505117707799], 'Termination']
[250, 278, [45.0], 'Termination']
[254, 253, [-153.434948822922], 'Termination']
[260, 205, [26.56505117707799], 'Termination']
[274, 113, [135.0], 'Termination']
[278, 212, [-153.434948822922], 'Termination']
[285, 95, [-26.56505117707799], 'Termination']
[301, 112, [-26.56505117707799], 'Termination']
[86, 243, [-180.0, -0.0, -90.0], 'Bifurcation']
[88, 273, [45.0, -180.0, -90.0], 'Bifurcation']
[124, 134, [45.0, -180.0, -90.0], 'Bifurcation']
[126, 151, [45.0, -180.0, -90.0], 'Bifurcation']
[131, 194, [-180.0, -0.0, -90.0], 'Bifurcation']
[157, 171, [135.0, -0.0, -90.0], 'Bifurcation']
[162, 214, [-180.0, -0.0, -90.0], 'Bifurcation']
[164, 239, [135.0, 45.0, -90.0], 'Bifurcation']
[169, 196, [-180.0, -0.0, -90.0], 'Bifurcation']
[181, 183, [135.0, -0.0, -90.0], 'Bifurcation']
[186, 201, [135.0, -0.0, -90.0], 'Bifurcation']
[196, 161, [90.0, -180.0, -90.0], 'Bifurcation']
[199, 195, [90.0, -0.0, -90.0], 'Bifurcation']
[200, 152, [90.0, -0.0, -90.0], 'Bifurcation']
[201, 154, [135.0, -0.0, -135.0], 'Bifurcation']
[202, 152, [90.0, -0.0, -90.0], 'Bifurcation']
[208, 157, [45.0, -180.0, -135.0], 'Bifurcation']
[210, 160, [135.0, -135.0, -90.0], 'Bifurcation']
[213, 161, [90.0, -180.0, -90.0], 'Bifurcation']
[219, 193, [90.0, -0.0, -90.0], 'Bifurcation']
[219, 203, [90.0, -0.0, -135.0], 'Bifurcation']
[237, 180, [90.0, -180.0, -0.0], 'Bifurcation']
[239, 158, [90.0, 45.0, -45.0], 'Bifurcation']
[238, 160, [-180.0, -0.0, -90.0], 'Bifurcation']
[241, 164, [135.0, -0.0, -135.0], 'Bifurcation']
[254, 203, [90.0, -180.0, -0.0], 'Bifurcation']
[266, 179, [45.0, -180.0, -45.0], 'Bifurcation']
[274, 159, [-180.0, -0.0, -90.0], 'Bifurcation']
[297, 225, [90.0, -0.0, -135.0], 'Bifurcation']
[297, 198, [-180.0, -0.0, -45.0], 'Bifurcation']
[300, 199, [90.0, 45.0, -135.0], 'Bifurcation']
[48, 156, [26.56505117707799], 'Termination']
[49, 275, [-180.0], 'Termination']
[57, 229, [-180.0], 'Termination']
[62, 200, [-0.0], 'Termination']
[71, 140, [-0.0], 'Termination']
[74, 280, [-153.434948822922], 'Termination']
[103, 141, [-0.0], 'Termination']
[103, 281, [-135.0], 'Termination']
[110, 174, [-0.0], 'Termination']
[114, 103, [-26.56505117707799], 'Termination']
[114, 242, [26.56505117707799], 'Termination']
[119, 283, [-135.0], 'Termination']
[120, 262, [-135.0], 'Termination']
[125, 243, [-180.0], 'Termination']
[139, 134, [-26.56505117707799], 'Termination']
[146, 206, [-153.434948822922], 'Termination']
[159, 266, [-153.434948822922], 'Termination']
[172, 286, [-116.56505117707799], 'Termination']
[175, 124, [-45.0], 'Termination']
[175, 203, [-180.0], 'Termination']
[182, 287, [-135.0], 'Termination']
[202, 287, [-116.56505117707799], 'Termination']
[208, 184, [90.0], 'Termination']
[222, 280, [45.0], 'Termination']
[244, 249, [45.0], 'Termination']
[245, 273, [-116.56505117707799], 'Termination']
[254, 253, [-135.0], 'Termination']
[257, 127, [116.56505117707799], 'Termination']
[262, 76, [-63.43494882292201], 'Termination']
[262, 269, [-135.0], 'Termination']
[265, 154, [-0.0], 'Termination']
[265, 229, [-135.0], 'Termination']
[278, 80, [-63.43494882292201], 'Termination']
[288, 207, [26.56505117707799], 'Termination']
[288, 260, [-153.434948822922], 'Termination']
[291, 81, [-45.0], 'Termination']
[299, 205, [-180.0], 'Termination']
[301, 254, [-153.434948822922], 'Termination']
[304, 84, [-63.43494882292201], 'Termination']
[310, 140, [-180.0], 'Termination']
[322, 91, [-45.0], 'Termination']
[48, 238, [-180.0, -0.0, -90.0], 'Bifurcation']
[110, 245, [-180.0, -0.0, -90.0], 'Bifurcation']
[143, 135, [-180.0, -0.0, -90.0], 'Bifurcation']
[146, 151, [-180.0, -0.0, -90.0], 'Bifurcation']
[153, 195, [-180.0, -0.0, -90.0], 'Bifurcation']
[160, 132, [-180.0, -0.0, -90.0], 'Bifurcation']
[178, 171, [135.0, -0.0, -90.0], 'Bifurcation']
[184, 213, [-180.0, -0.0, -90.0], 'Bifurcation']
[187, 238, [-180.0, -0.0, -90.0], 'Bifurcation']
[191, 194, [-180.0, -0.0, -90.0], 'Bifurcation']
[203, 181, [90.0, -0.0, -135.0], 'Bifurcation']
[204, 196, [135.0, -0.0, -90.0], 'Bifurcation']
[204, 201, [-180.0, -0.0, -90.0], 'Bifurcation']
[219, 193, [90.0, -0.0, -90.0], 'Bifurcation']
[240, 190, [90.0, -0.0, -90.0], 'Bifurcation']
[241, 199, [90.0, -0.0, -90.0], 'Bifurcation']
[258, 176, [90.0, -180.0, -0.0], 'Bifurcation']
[276, 198, [90.0, -0.0, -135.0], 'Bifurcation']
[287, 175, [45.0, -180.0, -45.0], 'Bifurcation']
[295, 153, [135.0, -0.0, -90.0], 'Bifurcation']
[321, 195, [90.0, -180.0, -0.0], 'Bifurcation']
[53, 271, [-180.0], 'Termination']
[55, 249, [26.56505117707799], 'Termination']
[70, 126, [-0.0], 'Termination']
[81, 231, [-180.0], 'Termination']
[85, 205, [-0.0], 'Termination']
[91, 143, [-0.0], 'Termination']
[116, 273, [-135.0], 'Termination']
[123, 142, [-0.0], 'Termination']
[129, 278, [-135.0], 'Termination']
[132, 103, [-26.56505117707799], 'Termination']
[132, 176, [-0.0], 'Termination']
[138, 242, [-0.0], 'Termination']
[142, 91, [-0.0], 'Termination']
[144, 263, [-135.0], 'Termination']
[149, 243, [-153.434948822922], 'Termination']
[151, 98, [-45.0], 'Termination']
[161, 271, [-135.0], 'Termination']
[169, 68, [-63.43494882292201], 'Termination']
[169, 207, [-180.0], 'Termination']
[181, 65, [-63.43494882292201], 'Termination']
[183, 257, [-153.434948822922], 'Termination']
[194, 122, [-45.0], 'Termination']
[197, 201, [-180.0], 'Termination']
[202, 265, [-116.56505117707799], 'Termination']
[217, 61, [-63.43494882292201], 'Termination']
[229, 181, [90.0], 'Termination']
[230, 62, [-63.43494882292201], 'Termination']
[256, 282, [45.0], 'Termination']
[275, 76, [-90.0], 'Termination']
[276, 122, [116.56505117707799], 'Termination']
[284, 257, [-116.56505117707799], 'Termination']
[289, 76, [-63.43494882292201], 'Termination']
[290, 222, [-153.434948822922], 'Termination']
[306, 80, [-45.0], 'Termination']
[320, 186, [-180.0], 'Termination']
[320, 224, [26.56505117707799], 'Termination']
[322, 242, [-153.434948822922], 'Termination']
[326, 200, [-153.434948822922], 'Termination']
[330, 131, [153.434948822922], 'Termination']
[107, 211, [-180.0, -0.0, -90.0], 'Bifurcation']
[110, 242, [135.0, -0.0, -90.0], 'Bifurcation']
[136, 99, [45.0, -180.0, -90.0], 'Bifurcation']
[139, 116, [-180.0, -0.0, -90.0], 'Bifurcation']
[148, 158, [-180.0, -0.0, -90.0], 'Bifurcation']
[172, 134, [135.0, -0.0, -90.0], 'Bifurcation']
[180, 177, [-180.0, -0.0, -90.0], 'Bifurcation']
[184, 201, [135.0, -0.0, -90.0], 'Bifurcation']
[186, 157, [-180.0, -0.0, -90.0], 'Bifurcation']
[197, 143, [90.0, -0.0, -90.0], 'Bifurcation']
[199, 159, [-180.0, -0.0, -90.0], 'Bifurcation']
[199, 164, [-180.0, -0.0, -90.0], 'Bifurcation']
[204, 107, [90.0, -0.0, -90.0], 'Bifurcation']
[205, 162, [135.0, 45.0, -90.0], 'Bifurcation']
[214, 112, [135.0, -90.0, -45.0], 'Bifurcation']
[215, 155, [90.0, -0.0, -90.0], 'Bifurcation']
[216, 114, [135.0, -135.0, -45.0], 'Bifurcation']
[218, 112, [90.0, 45.0, -45.0], 'Bifurcation']
[236, 151, [90.0, -0.0, -90.0], 'Bifurcation']
[237, 161, [90.0, -0.0, -135.0], 'Bifurcation']
[239, 127, [45.0, -180.0, -90.0], 'Bifurcation']
[245, 121, [135.0, -0.0, -90.0], 'Bifurcation']
[247, 126, [135.0, -0.0, -135.0], 'Bifurcation']
[253, 137, [90.0, -180.0, -0.0], 'Bifurcation']
[272, 159, [90.0, -0.0, -135.0], 'Bifurcation']
[282, 135, [45.0, -180.0, -45.0], 'Bifurcation']
[288, 113, [-180.0, -0.0, -90.0], 'Bifurcation']
[42, 121, [26.56505117707799], 'Termination']
[43, 131, [26.56505117707799], 'Termination']
[43, 141, [26.56505117707799], 'Termination']
[52, 214, [-0.0], 'Termination']
[57, 166, [-180.0], 'Termination']
[62, 97, [26.56505117707799], 'Termination']
[70, 83, [-0.0], 'Termination']
[76, 199, [-180.0], 'Termination']
[80, 171, [-0.0], 'Termination']
[84, 108, [-0.0], 'Termination']
[101, 261, [-153.434948822922], 'Termination']
[116, 107, [-0.0], 'Termination']
[126, 141, [-0.0], 'Termination']
[135, 208, [26.56505117707799], 'Termination']
[142, 226, [-153.434948822922], 'Termination']
[145, 208, [-153.434948822922], 'Termination']
[151, 98, [-26.56505117707799], 'Termination']
[165, 170, [-180.0], 'Termination']
[180, 229, [-153.434948822922], 'Termination']
[186, 85, [-63.43494882292201], 'Termination']
[193, 164, [-180.0], 'Termination']
[194, 226, [-116.56505117707799], 'Termination']
[200, 251, [45.0], 'Termination']
[211, 52, [-90.0], 'Termination']
[217, 268, [45.0], 'Termination']
[225, 143, [90.0], 'Termination']
[238, 48, [-90.0], 'Termination']
[240, 190, [45.0], 'Termination']
[242, 127, [90.0], 'Termination']
[250, 238, [-116.56505117707799], 'Termination']
[265, 206, [45.0], 'Termination']
[269, 83, [116.56505117707799], 'Termination']
[269, 231, [-135.0], 'Termination']
[275, 209, [-135.0], 'Termination']
[281, 228, [-135.0], 'Termination']
[285, 184, [-153.434948822922], 'Termination']
[290, 43, [-63.43494882292201], 'Termination']
[306, 162, [26.56505117707799], 'Termination']
[311, 211, [-135.0], 'Termination']
[321, 50, [-63.43494882292201], 'Termination']
[321, 160, [-153.434948822922], 'Termination']
[323, 91, [153.434948822922], 'Termination']
[324, 204, [-153.434948822922], 'Termination']