[79, 110, [-180.0, -0.0, -90.0], 'Bifurcation']
[81, 167, [135.0, -0.0, -90.0], 'Bifurcation']
[94, 179, [90.0, -180.0, -90.0], 'Bifurcation']
[103, 110, [-180.0, -0.0, -90.0], 'Bifurcation']
[110, 84, [135.0, -0.0, -90.0], 'Bifurcation']
[134, 188, [-180.0, -0.0, -90.0], 'Bifurcation']
[136, 110, [90.0, -0.0, -90.0], 'Bifurcation']
[140, 103, [90.0, -180.0, -90.0], 'Bifurcation']
[141, 236, [135.0, 45.0, -90.0], 'Bifurcation']
[146, 166, [90.0, -180.0, -90.0], 'Bifurcation']
[152, 169, [135.0, 45.0, -90.0], 'Bifurcation']
[154, 137, [90.0, -0.0, -90.0], 'Bifurcation']
[156, 126, [90.0, -0.0, -90.0], 'Bifurcation']
[158, 167, [45.0, -180.0, -45.0], 'Bifurcation']
[164, 160, [-180.0, -0.0, -90.0], 'Bifurcation']
[166, 173, [-180.0, -0.0, -90.0], 'Bifurcation']
[177, 162, [135.0, -0.0, -90.0], 'Bifurcation']
[178, 172, [135.0, -0.0, -135.0], 'Bifurcation']
[180, 162, [90.0, -180.0, -0.0], 'Bifurcation']
[189, 169, [45.0, -180.0, -90.0], 'Bifurcation']
[207, 121, [90.0, -180.0, -45.0], 'Bifurcation']
[207, 197, [90.0, -180.0, -0.0], 'Bifurcation']
[237, 176, [135.0, -0.0, -90.0], 'Bifurcation']
[263, 95, [90.0, -180.0, -45.0], 'Bifurcation']
[263, 152, [90.0, -0.0, -135.0], 'Bifurcation']
[267, 206, [90.0, -180.0, -0.0], 'Bifurcation']
[286, 132, [90.0, -0.0, -135.0], 'Bifurcation']
[55, 180, [153.434948822922], 'Termination']
[63, 190, [-63.43494882292201], 'Termination']
[79, 95, [-26.56505117707799], 'Termination']
[98, 135, [153.434948822922], 'Termination']
[104, 239, [-90.0], 'Termination']
[114, 72, [-90.0], 'Termination']
[115, 101, [-63.43494882292201], 'Termination']
[122, 119, [-63.43494882292201], 'Termination']
[150, 205, [63.43494882292201], 'Termination']
[164, 58, [-63.43494882292201], 'Termination']
[166, 209, [63.43494882292201], 'Termination']
[206, 239, [45.0], 'Termination']
[211, 67, [-45.0], 'Termination']
[212, 92, [135.0], 'Termination']
[218, 155, [-0.0], 'Termination']
[226, 266, [-153.434948822922], 'Termination']
[228, 57, [-63.43494882292201], 'Termination']
[252, 168, [-0.0], 'Termination']
[254, 58, [-45.0], 'Termination']
[270, 217, [-153.434948822922], 'Termination']
[275, 126, [-26.56505117707799], 'Termination']
[286, 126, [-0.0], 'Termination']
[290, 186, [-0.0], 'Termination']
[295, 197, [-180.0], 'Termination']
[301, 213, [26.56505117707799], 'Termination']
[309, 229, [-153.434948822922], 'Termination']
[313, 143, [-26.56505117707799], 'Termination']
[90, 198, [90.0, -180.0, -90.0], 'Bifurcation']
[97, 127, [135.0, -0.0, -90.0], 'Bifurcation']
[119, 104, [90.0, -180.0, -90.0], 'Bifurcation']
[130, 128, [90.0, -0.0, -90.0], 'Bifurcation']
[130, 208, [135.0, 45.0, -90.0], 'Bifurcation']
[142, 185, [90.0, -180.0, -90.0], 'Bifurcation']
[147, 188, [135.0, 45.0, -90.0], 'Bifurcation']
[149, 156, [135.0, -0.0, -90.0], 'Bifurcation']
[151, 145, [90.0, -0.0, -90.0], 'Bifurcation']
[160, 180, [-180.0, -0.0, -90.0], 'Bifurcation']
[162, 191, [-180.0, -0.0, -90.0], 'Bifurcation']
[164, 268, [90.0, -0.0, -135.0], 'Bifurcation']
[174, 181, [90.0, -180.0, -0.0], 'Bifurcation']
[185, 189, [45.0, -180.0, -90.0], 'Bifurcation']
[232, 196, [-180.0, -0.0, -90.0], 'Bifurcation']
[240, 290, [90.0, -90.0, -45.0], 'Bifurcation']
[256, 114, [90.0, -180.0, -45.0], 'Bifurcation']
[43, 220, [116.56505117707799], 'Termination']
[45, 73, [116.56505117707799], 'Termination']
[52, 144, [-26.56505117707799], 'Termination']
[53, 168, [-26.56505117707799], 'Termination']
[72, 282, [-90.0], 'Termination']
[73, 130, [-26.56505117707799], 'Termination']
[92, 147, [153.434948822922], 'Termination']
[101, 247, [-116.56505117707799], 'Termination']
[110, 119, [-45.0], 'Termination']
[116, 137, [-63.43494882292201], 'Termination']
[129, 256, [-90.0], 'Termination']
[130, 122, [116.56505117707799], 'Termination']
[146, 225, [63.43494882292201], 'Termination']
[154, 75, [-63.43494882292201], 'Termination']
[163, 230, [90.0], 'Termination']
[166, 294, [-63.43494882292201], 'Termination']
[181, 59, [116.56505117707799], 'Termination']
[198, 218, [26.56505117707799], 'Termination']
[202, 138, [135.0], 'Termination']
[202, 259, [26.56505117707799], 'Termination']
[208, 112, [135.0], 'Termination']
[213, 175, [-26.56505117707799], 'Termination']
[220, 300, [90.0], 'Termination']
[221, 56, [-90.0], 'Termination']
[248, 189, [-0.0], 'Termination']
[257, 69, [-63.43494882292201], 'Termination']
[259, 167, [-180.0], 'Termination']
[270, 145, [-26.56505117707799], 'Termination']
[275, 76, [-63.43494882292201], 'Termination']
[287, 77, [-45.0], 'Termination']
[307, 162, [-26.56505117707799], 'Termination']
[310, 74, [-45.0], 'Termination']
[313, 95, [-26.56505117707799], 'Termination']
[314, 275, [-116.56505117707799], 'Termination']
[318, 85, [153.434948822922], 'Termination']
[326, 125, [153.434948822922], 'Termination']
[45, 112, [-180.0, -0.0, -90.0], 'Bifurcation']
[67, 195, [90.0, -0.0, -90.0], 'Bifurcation']
[68, 110, [135.0, -0.0, -90.0], 'Bifurcation']
[70, 198, [90.0, -180.0, -90.0], 'Bifurcation']
[71, 195, [90.0, -0.0, -90.0], 'Bifurcation']
[74, 198, [45.0, -180.0, -90.0], 'Bifurcation']
[80, 163, [135.0, -90.0, -45.0], 'Bifurcation']
[82, 165, [135.0, -0.0, -135.0], 'Bifurcation']
[84, 163, [90.0, 45.0, -45.0], 'Bifurcation']
[86, 167, [45.0, -180.0, -90.0], 'Bifurcation']
[101, 191, [135.0, -0.0, -90.0], 'Bifurcation']
[103, 112, [135.0, -0.0, -90.0], 'Bifurcation']
[112, 169, [90.0, -180.0, -90.0], 'Bifurcation']
[118, 172, [135.0, 45.0, -90.0], 'Bifurcation']
[120, 139, [90.0, -0.0, -90.0], 'Bifurcation']
[122, 128, [90.0, -0.0, -90.0], 'Bifurcation']
[131, 164, [-180.0, -0.0, -90.0], 'Bifurcation']
[134, 176, [135.0, 45.0, -135.0], 'Bifurcation']
[144, 168, [-180.0, -0.0, -90.0], 'Bifurcation']
[145, 174, [135.0, -0.0, -90.0], 'Bifurcation']
[146, 168, [90.0, -180.0, -45.0], 'Bifurcation']
[156, 173, [45.0, -180.0, -90.0], 'Bifurcation']
[174, 201, [90.0, -0.0, -135.0], 'Bifurcation']
[203, 181, [135.0, -0.0, -90.0], 'Bifurcation']
[230, 100, [90.0, -180.0, -45.0], 'Bifurcation']
[229, 157, [135.0, -0.0, -135.0], 'Bifurcation']
[254, 138, [90.0, -180.0, -0.0], 'Bifurcation']
[38, 190, [-63.43494882292201], 'Termination']
[38, 232, [-63.43494882292201], 'Termination']
[39, 178, [-45.0], 'Termination']
[50, 250, [-90.0], 'Termination']
[59, 257, [-116.56505117707799], 'Termination']
[63, 137, [153.434948822922], 'Termination']
[68, 249, [90.0], 'Termination']
[75, 89, [-63.43494882292201], 'Termination']
[81, 103, [-90.0], 'Termination']
[88, 88, [90.0], 'Termination']
[88, 121, [-63.43494882292201], 'Termination']
[90, 70, [-90.0], 'Termination']
[104, 105, [90.0], 'Termination']
[109, 257, [63.43494882292201], 'Termination']
[111, 63, [-63.43494882292201], 'Termination']
[116, 209, [63.43494882292201], 'Termination']
[122, 172, [90.0], 'Termination']
[131, 60, [-63.43494882292201], 'Termination']
[132, 213, [63.43494882292201], 'Termination']
[155, 292, [90.0], 'Termination']
[171, 244, [45.0], 'Termination']
[175, 122, [135.0], 'Termination']
[180, 71, [-45.0], 'Termination']
[180, 95, [135.0], 'Termination']
[185, 159, [-0.0], 'Termination']
[196, 271, [-135.0], 'Termination']
[219, 173, [-0.0], 'Termination']
[234, 214, [26.56505117707799], 'Termination']
[235, 224, [-153.434948822922], 'Termination']
[242, 129, [-0.0], 'Termination']
[252, 129, [-26.56505117707799], 'Termination']
[260, 273, [-153.434948822922], 'Termination']
[262, 73, [-26.56505117707799], 'Termination']
[266, 219, [45.0], 'Termination']
[275, 80, [-45.0], 'Termination']
[275, 264, [-153.434948822922], 'Termination']
[278, 148, [-26.56505117707799], 'Termination']
[299, 104, [-0.0], 'Termination']
[76, 124, [45.0, -180.0, -90.0], 'Bifurcation']
[80, 180, [90.0, -0.0, -90.0], 'Bifurcation']
[99, 122, [135.0, -0.0, -90.0], 'Bifurcation']
[115, 131, [90.0, -0.0, -90.0], 'Bifurcation']
[115, 173, [90.0, -180.0, -90.0], 'Bifurcation']
[136, 198, [-180.0, -0.0, -90.0], 'Bifurcation']
[148, 175, [90.0, -180.0, -45.0], 'Bifurcation']
[151, 179, [45.0, -180.0, -90.0], 'Bifurcation']
[153, 135, [90.0, -0.0, -90.0], 'Bifurcation']
[152, 146, [135.0, -0.0, -90.0], 'Bifurcation']
[159, 177, [90.0, -180.0, -45.0], 'Bifurcation']
[165, 170, [-180.0, -0.0, -90.0], 'Bifurcation']
[169, 180, [135.0, -0.0, -135.0], 'Bifurcation']
[180, 171, [90.0, -180.0, -0.0], 'Bifurcation']
[185, 297, [90.0, -180.0, -90.0], 'Bifurcation']
[191, 178, [45.0, -180.0, -90.0], 'Bifurcation']
[194, 59, [90.0, -0.0, -90.0], 'Bifurcation']
[261, 102, [90.0, -180.0, -45.0], 'Bifurcation']
[268, 214, [90.0, -180.0, -45.0], 'Bifurcation']
[294, 205, [90.0, 45.0, -90.0], 'Bifurcation']
[38, 274, [-0.0], 'Termination']
[42, 230, [-45.0], 'Termination']
[45, 74, [116.56505117707799], 'Termination']
[49, 221, [-63.43494882292201], 'Termination']
[71, 235, [135.0], 'Termination']
[96, 147, [135.0], 'Termination']
[105, 100, [-90.0], 'Termination']
[105, 254, [90.0], 'Termination']
[111, 113, [-63.43494882292201], 'Termination']
[112, 173, [-90.0], 'Termination']
[113, 69, [-63.43494882292201], 'Termination']
[117, 98, [90.0], 'Termination']
[125, 67, [-90.0], 'Termination']
[132, 114, [116.56505117707799], 'Termination']
[136, 125, [-63.43494882292201], 'Termination']
[140, 64, [-90.0], 'Termination']
[140, 243, [63.43494882292201], 'Termination']
[149, 261, [90.0], 'Termination']
[152, 215, [63.43494882292201], 'Termination']
[170, 218, [90.0], 'Termination']
[205, 206, [45.0], 'Termination']
[206, 126, [135.0], 'Termination']
[209, 246, [45.0], 'Termination']
[210, 77, [-45.0], 'Termination']
[210, 100, [135.0], 'Termination']
[218, 162, [-26.56505117707799], 'Termination']
[242, 181, [-180.0], 'Termination']
[244, 69, [-63.43494882292201], 'Termination']
[253, 175, [-0.0], 'Termination']
[264, 153, [-180.0], 'Termination']
[275, 132, [-26.56505117707799], 'Termination']
[301, 86, [-26.56505117707799], 'Termination']
[319, 255, [-153.434948822922], 'Termination']
[327, 170, [-0.0], 'Termination']
[334, 202, [-153.434948822922], 'Termination']
[73, 194, [135.0, -0.0, -135.0], 'Bifurcation']
[79, 98, [90.0, -0.0, -90.0], 'Bifurcation']
[89, 204, [45.0, -180.0, -90.0], 'Bifurcation']
[90, 135, [135.0, -0.0, -90.0], 'Bifurcation']
[129, 210, [45.0, -180.0, -90.0], 'Bifurcation']
[146, 148, [90.0, -0.0, -135.0], 'Bifurcation']
[145, 159, [135.0, -0.0, -90.0], 'Bifurcation']
[151, 189, [90.0, -180.0, -90.0], 'Bifurcation']
[158, 182, [-180.0, -0.0, -90.0], 'Bifurcation']
[173, 184, [90.0, -180.0, -0.0], 'Bifurcation']
[183, 189, [-180.0, -0.0, -90.0], 'Bifurcation']
[186, 296, [45.0, -0.0, -135.0], 'Bifurcation']
[231, 193, [135.0, -0.0, -90.0], 'Bifurcation']
[250, 110, [90.0, -180.0, -45.0], 'Bifurcation']
[262, 222, [90.0, -180.0, -45.0], 'Bifurcation']
[278, 145, [90.0, -180.0, -0.0], 'Bifurcation']
[36, 174, [-26.56505117707799], 'Termination']
[39, 223, [-45.0], 'Termination']
[42, 233, [-45.0], 'Termination']
[44, 73, [90.0], 'Termination']
[63, 246, [116.56505117707799], 'Termination']
[65, 140, [-45.0], 'Termination']
[88, 161, [153.434948822922], 'Termination']
[97, 74, [-90.0], 'Termination']
[98, 266, [63.43494882292201], 'Termination']
[102, 126, [-63.43494882292201], 'Termination']
[110, 143, [-63.43494882292201], 'Termination']
[112, 72, [-90.0], 'Termination']
[123, 127, [116.56505117707799], 'Termination']
[127, 138, [-63.43494882292201], 'Termination']
[129, 69, [-90.0], 'Termination']
[142, 273, [90.0], 'Termination']
[144, 80, [-63.43494882292201], 'Termination']
[145, 227, [90.0], 'Termination']
[163, 230, [63.43494882292201], 'Termination']
[179, 57, [90.0], 'Termination']
[196, 135, [116.56505117707799], 'Termination']
[197, 87, [-45.0], 'Termination']
[198, 217, [26.56505117707799], 'Termination']
[199, 110, [135.0], 'Termination']
[202, 258, [45.0], 'Termination']
[204, 289, [-135.0], 'Termination']
[207, 299, [90.0], 'Termination']
[211, 173, [-0.0], 'Termination']
[214, 290, [-135.0], 'Termination']
[221, 299, [63.43494882292201], 'Termination']
[246, 72, [-63.43494882292201], 'Termination']
[246, 184, [-0.0], 'Termination']
[256, 161, [153.434948822922], 'Termination']
[262, 77, [-45.0], 'Termination']
[265, 140, [-45.0], 'Termination']
[284, 88, [-45.0], 'Termination']
[296, 226, [-0.0], 'Termination']
[297, 256, [-153.434948822922], 'Termination']
[304, 154, [-26.56505117707799], 'Termination']
[313, 239, [-180.0], 'Termination']
[70, 89, [135.0, -0.0, -90.0], 'Bifurcation']
[81, 126, [135.0, -0.0, -90.0], 'Bifurcation']
[117, 125, [90.0, -0.0, -90.0], 'Bifurcation']
[120, 202, [135.0, -0.0, -90.0], 'Bifurcation']
[128, 251, [-180.0, -0.0, -90.0], 'Bifurcation']
[130, 179, [90.0, -180.0, -90.0], 'Bifurcation']
[136, 150, [90.0, -0.0, -90.0], 'Bifurcation']
[135, 183, [135.0, 45.0, -90.0], 'Bifurcation']
[138, 139, [90.0, 45.0, -90.0], 'Bifurcation']
[137, 141, [135.0, -180.0, -0.0], 'Bifurcation']
[142, 181, [90.0, -180.0, -45.0], 'Bifurcation']
[149, 174, [135.0, -0.0, -90.0], 'Bifurcation']
[152, 184, [135.0, -0.0, -135.0], 'Bifurcation']
[163, 175, [90.0, -180.0, -0.0], 'Bifurcation']
[174, 183, [45.0, -180.0, -90.0], 'Bifurcation']
[185, 294, [90.0, -0.0, -90.0], 'Bifurcation']
[221, 185, [135.0, -0.0, -90.0], 'Bifurcation']
[244, 104, [90.0, -180.0, -0.0], 'Bifurcation']
[38, 276, [26.56505117707799], 'Termination']
[39, 88, [-45.0], 'Termination']
[44, 73, [90.0], 'Termination']
[53, 78, [-63.43494882292201], 'Termination']
[53, 240, [116.56505117707799], 'Termination']
[56, 281, [45.0], 'Termination']
[62, 131, [-63.43494882292201], 'Termination']
[78, 151, [135.0], 'Termination']
[90, 65, [-90.0], 'Termination']
[94, 117, [-63.43494882292201], 'Termination']
[101, 134, [-45.0], 'Termination']
[108, 64, [-90.0], 'Termination']
[108, 289, [90.0], 'Termination']
[115, 118, [90.0], 'Termination']
[123, 274, [-90.0], 'Termination']
[134, 286, [-63.43494882292201], 'Termination']
[137, 72, [-63.43494882292201], 'Termination']
[137, 219, [63.43494882292201], 'Termination']
[153, 222, [63.43494882292201], 'Termination']
[188, 79, [-45.0], 'Termination']
[188, 129, [135.0], 'Termination']
[189, 209, [45.0], 'Termination']
[190, 102, [135.0], 'Termination']
[194, 249, [45.0], 'Termination']
[202, 167, [-26.56505117707799], 'Termination']
[203, 54, [-63.43494882292201], 'Termination']
[204, 299, [90.0], 'Termination']
[216, 55, [-45.0], 'Termination']
[220, 300, [90.0], 'Termination']
[233, 50, [-63.43494882292201], 'Termination']
[236, 176, [-0.0], 'Termination']
[245, 262, [-135.0], 'Termination']
[247, 157, [-180.0], 'Termination']
[258, 48, [90.0], 'Termination']
[278, 249, [-153.434948822922], 'Termination']
[286, 219, [26.56505117707799], 'Termination']
[290, 244, [-153.434948822922], 'Termination']
[294, 147, [-26.56505117707799], 'Termination']
[304, 230, [-180.0], 'Termination']
[317, 200, [-180.0], 'Termination']
[318, 113, [-26.56505117707799], 'Termination']
[78, 120, [135.0, -0.0, -90.0], 'Bifurcation']
[97, 164, [90.0, -180.0, -45.0], 'Bifurcation']
[98, 147, [90.0, -180.0, -0.0], 'Bifurcation']
[99, 189, [90.0, -180.0, -90.0], 'Bifurcation']
[102, 118, [135.0, -0.0, -90.0], 'Bifurcation']
[123, 93, [90.0, -180.0, -90.0], 'Bifurcation']
[137, 116, [90.0, -0.0, -90.0], 'Bifurcation']
[139, 108, [90.0, -180.0, -90.0], 'Bifurcation']
[139, 193, [135.0, -0.0, -90.0], 'Bifurcation']
[148, 242, [-180.0, -0.0, -90.0], 'Bifurcation']
[155, 141, [90.0, -0.0, -90.0], 'Bifurcation']
[156, 129, [90.0, 45.0, -90.0], 'Bifurcation']
[155, 131, [135.0, -180.0, -45.0], 'Bifurcation']
[159, 171, [45.0, -180.0, -90.0], 'Bifurcation']
[167, 163, [135.0, -0.0, -90.0], 'Bifurcation']
[171, 175, [135.0, -0.0, -135.0], 'Bifurcation']
[182, 165, [90.0, -180.0, -0.0], 'Bifurcation']
[190, 60, [90.0, -180.0, -90.0], 'Bifurcation']
[193, 173, [45.0, -180.0, -90.0], 'Bifurcation']
[212, 198, [90.0, -180.0, -0.0], 'Bifurcation']
[241, 175, [90.0, -0.0, -90.0], 'Bifurcation']
[264, 94, [90.0, -180.0, -45.0], 'Bifurcation']
[272, 204, [90.0, -180.0, -45.0], 'Bifurcation']
[289, 128, [90.0, -180.0, -0.0], 'Bifurcation']
[38, 195, [-26.56505117707799], 'Termination']
[39, 106, [-0.0], 'Termination']
[39, 139, [-0.0], 'Termination']
[42, 72, [90.0], 'Termination']
[57, 281, [63.43494882292201], 'Termination']
[71, 254, [-90.0], 'Termination']
[75, 233, [116.56505117707799], 'Termination']
[90, 161, [-63.43494882292201], 'Termination']
[95, 184, [-45.0], 'Termination']
[108, 95, [-63.43494882292201], 'Termination']
[114, 108, [-63.43494882292201], 'Termination']
[122, 126, [-63.43494882292201], 'Termination']
[132, 62, [-63.43494882292201], 'Termination']
[140, 290, [-63.43494882292201], 'Termination']
[146, 59, [-63.43494882292201], 'Termination']
[154, 257, [63.43494882292201], 'Termination']
[157, 210, [90.0], 'Termination']
[172, 213, [63.43494882292201], 'Termination']
[174, 263, [45.0], 'Termination']
[207, 118, [135.0], 'Termination']
[210, 68, [-45.0], 'Termination']
[212, 93, [135.0], 'Termination']
[214, 238, [26.56505117707799], 'Termination']
[221, 155, [-0.0], 'Termination']
[256, 168, [-0.0], 'Termination']
[267, 146, [-180.0], 'Termination']
[270, 53, [-45.0], 'Termination']
[277, 122, [-26.56505117707799], 'Termination']
[288, 122, [-26.56505117707799], 'Termination']
[306, 209, [26.56505117707799], 'Termination']
[316, 138, [-26.56505117707799], 'Termination']
[59, 97, [-180.0, -0.0, -90.0], 'Bifurcation']
[66, 121, [135.0, -0.0, -90.0], 'Bifurcation']
[72, 177, [135.0, -0.0, -90.0], 'Bifurcation']
[79, 82, [90.0, -0.0, -135.0], 'Bifurcation']
[82, 185, [90.0, -0.0, -135.0], 'Bifurcation']
[86, 186, [45.0, -180.0, -135.0], 'Bifurcation']
[89, 189, [90.0, -180.0, -90.0], 'Bifurcation']
[90, 118, [135.0, -0.0, -90.0], 'Bifurcation']
[106, 166, [135.0, -0.0, -90.0], 'Bifurcation']
[108, 170, [135.0, -135.0, -90.0], 'Bifurcation']
[110, 168, [45.0, -180.0, -45.0], 'Bifurcation']
[112, 170, [135.0, 90.0, -45.0], 'Bifurcation']
[126, 116, [90.0, -0.0, -90.0], 'Bifurcation']
[130, 192, [135.0, -0.0, -90.0], 'Bifurcation']
[138, 239, [135.0, -0.0, -90.0], 'Bifurcation']
[140, 170, [90.0, -180.0, -90.0], 'Bifurcation']
[146, 141, [90.0, -0.0, -90.0], 'Bifurcation']
[159, 164, [135.0, -0.0, -90.0], 'Bifurcation']
[161, 176, [135.0, -0.0, -135.0], 'Bifurcation']
[172, 163, [90.0, -180.0, -0.0], 'Bifurcation']
[184, 172, [45.0, -180.0, -90.0], 'Bifurcation']
[232, 175, [135.0, -0.0, -90.0], 'Bifurcation']
[253, 91, [90.0, -180.0, -45.0], 'Bifurcation']
[279, 125, [90.0, -0.0, -135.0], 'Bifurcation']
[39, 254, [-63.43494882292201], 'Termination']
[42, 219, [-45.0], 'Termination']
[51, 100, [-45.0], 'Termination']
[64, 231, [90.0], 'Termination']
[79, 179, [116.56505117707799], 'Termination']
[88, 144, [153.434948822922], 'Termination']
[100, 250, [90.0], 'Termination']
[102, 109, [-63.43494882292201], 'Termination']
[110, 126, [-63.43494882292201], 'Termination']
[125, 110, [116.56505117707799], 'Termination']
[143, 256, [90.0], 'Termination']
[143, 292, [-90.0], 'Termination']
[146, 209, [90.0], 'Termination']
[148, 63, [-90.0], 'Termination']
[150, 130, [-90.0], 'Termination']
[154, 292, [90.0], 'Termination']
[163, 212, [90.0], 'Termination']
[167, 265, [45.0], 'Termination']
[198, 68, [-63.43494882292201], 'Termination']
[198, 118, [116.56505117707799], 'Termination']
[200, 197, [45.0], 'Termination']
[202, 93, [135.0], 'Termination']
[204, 238, [26.56505117707799], 'Termination']
[212, 155, [-0.0], 'Termination']
[247, 166, [-0.0], 'Termination']
[249, 52, [-45.0], 'Termination']
[250, 278, [-135.0], 'Termination']
[258, 146, [-180.0], 'Termination']
[265, 58, [-45.0], 'Termination']
[267, 121, [-45.0], 'Termination']
[279, 120, [-26.56505117707799], 'Termination']
[298, 208, [26.56505117707799], 'Termination']
[307, 135, [-0.0], 'Termination']
[45, 111, [45.0, -180.0, -90.0], 'Bifurcation']
[56, 87, [90.0, -180.0, -45.0], 'Bifurcation']
[55, 109, [45.0, -180.0, -90.0], 'Bifurcation']
[60, 133, [45.0, -180.0, -90.0], 'Bifurcation']
[73, 91, [135.0, -0.0, -90.0], 'Bifurcation']
[74, 198, [90.0, -180.0, -90.0], 'Bifurcation']
[76, 198, [90.0, -0.0, -90.0], 'Bifurcation']
[81, 178, [90.0, -180.0, -45.0], 'Bifurcation']
[82, 162, [90.0, -180.0, -0.0], 'Bifurcation']
[83, 130, [135.0, -0.0, -90.0], 'Bifurcation']
[118, 128, [90.0, -0.0, -90.0], 'Bifurcation']
[121, 120, [45.0, -180.0, -90.0], 'Bifurcation']
[124, 206, [135.0, -0.0, -90.0], 'Bifurcation']
[138, 153, [90.0, -0.0, -90.0], 'Bifurcation']
[137, 186, [45.0, -180.0, -90.0], 'Bifurcation']
[138, 141, [45.0, -0.0, -90.0], 'Bifurcation']
[138, 143, [135.0, -180.0, -45.0], 'Bifurcation']
[139, 254, [90.0, -0.0, -90.0], 'Bifurcation']
[144, 182, [-180.0, -0.0, -90.0], 'Bifurcation']
[151, 175, [135.0, -0.0, -90.0], 'Bifurcation']
[154, 189, [135.0, 45.0, -135.0], 'Bifurcation']
[156, 277, [90.0, 45.0, -90.0], 'Bifurcation']
[166, 178, [90.0, -180.0, -0.0], 'Bifurcation']
[177, 183, [45.0, -180.0, -90.0], 'Bifurcation']
[198, 208, [90.0, -180.0, -0.0], 'Bifurcation']
[226, 185, [90.0, -0.0, -90.0], 'Bifurcation']
[229, 274, [45.0, -180.0, -90.0], 'Bifurcation']
[246, 102, [90.0, -180.0, -45.0], 'Bifurcation']
[259, 211, [90.0, -180.0, -45.0], 'Bifurcation']
[273, 136, [90.0, -180.0, -0.0], 'Bifurcation']
[36, 210, [-26.56505117707799], 'Termination']
[38, 225, [-45.0], 'Termination']
[44, 237, [-45.0], 'Termination']
[65, 250, [135.0], 'Termination']
[69, 191, [-63.43494882292201], 'Termination']
[72, 173, [-45.0], 'Termination']
[89, 108, [-63.43494882292201], 'Termination']
[95, 121, [-63.43494882292201], 'Termination']
[101, 106, [90.0], 'Termination']
[103, 138, [-63.43494882292201], 'Termination']
[131, 178, [135.0], 'Termination']
[135, 277, [-116.56505117707799], 'Termination']
[141, 73, [-63.43494882292201], 'Termination']
[142, 222, [63.43494882292201], 'Termination']
[144, 59, [-63.43494882292201], 'Termination']
[159, 224, [45.0], 'Termination']
[177, 54, [-63.43494882292201], 'Termination']
[191, 129, [116.56505117707799], 'Termination']
[193, 80, [-45.0], 'Termination']
[194, 103, [135.0], 'Termination']
[203, 249, [45.0], 'Termination']
[204, 51, [-63.43494882292201], 'Termination']
[205, 166, [-0.0], 'Termination']
[219, 300, [63.43494882292201], 'Termination']
[237, 48, [-63.43494882292201], 'Termination']
[240, 175, [-0.0], 'Termination']
[251, 153, [153.434948822922], 'Termination']
[259, 130, [-45.0], 'Termination']
[259, 272, [-135.0], 'Termination']
[264, 224, [-180.0], 'Termination']
[265, 52, [-63.43494882292201], 'Termination']
[271, 128, [-26.56505117707799], 'Termination']
[293, 260, [-153.434948822922], 'Termination']
[294, 215, [26.56505117707799], 'Termination']
[299, 144, [-26.56505117707799], 'Termination']
[330, 120, [135.0], 'Termination']
[107, 112, [-180.0, -0.0, -90.0], 'Bifurcation']
[114, 136, [-180.0, -0.0, -90.0], 'Bifurcation']
[126, 96, [90.0, -0.0, -90.0], 'Bifurcation']
[133, 178, [90.0, -180.0, -45.0], 'Bifurcation']
[134, 203, [90.0, -180.0, -90.0], 'Bifurcation']
[137, 133, [135.0, -0.0, -90.0], 'Bifurcation']
[171, 131, [90.0, -0.0, -90.0], 'Bifurcation']
[176, 210, [45.0, -180.0, -90.0], 'Bifurcation']
[190, 79, [90.0, 45.0, -135.0], 'Bifurcation']
[189, 81, [135.0, -180.0, -45.0], 'Bifurcation']
[192, 146, [90.0, -0.0, -90.0], 'Bifurcation']
[192, 158, [90.0, -0.0, -90.0], 'Bifurcation']
[197, 188, [90.0, -180.0, -90.0], 'Bifurcation']
[204, 181, [-180.0, -0.0, -90.0], 'Bifurcation']
[206, 194, [-180.0, -0.0, -90.0], 'Bifurcation']
[207, 196, [135.0, 90.0, -135.0], 'Bifurcation']
[218, 182, [90.0, -180.0, -0.0], 'Bifurcation']
[224, 69, [90.0, -180.0, -90.0], 'Bifurcation']
[229, 188, [-180.0, -0.0, -90.0], 'Bifurcation']
[297, 108, [90.0, -180.0, -90.0], 'Bifurcation']
[38, 276, [26.56505117707799], 'Termination']
[40, 220, [135.0], 'Termination']
[43, 245, [-45.0], 'Termination']
[44, 74, [135.0], 'Termination']
[49, 122, [-0.0], 'Termination']
[51, 252, [116.56505117707799], 'Termination']
[57, 114, [26.56505117707799], 'Termination']
[63, 218, [135.0], 'Termination']
[69, 132, [-0.0], 'Termination']
[70, 75, [-116.56505117707799], 'Termination']
[80, 67, [63.43494882292201], 'Termination']
[91, 233, [-63.43494882292201], 'Termination']
[99, 112, [-26.56505117707799], 'Termination']
[106, 289, [90.0], 'Termination']
[113, 248, [135.0], 'Termination']
[125, 193, [-45.0], 'Termination']
[128, 176, [-63.43494882292201], 'Termination']
[135, 159, [153.434948822922], 'Termination']
[140, 68, [-90.0], 'Termination']
[141, 111, [-90.0], 'Termination']
[148, 124, [-63.43494882292201], 'Termination']
[152, 109, [90.0], 'Termination']
[156, 269, [-90.0], 'Termination']
[157, 141, [-45.0], 'Termination']
[166, 59, [-45.0], 'Termination']
[170, 125, [90.0], 'Termination']
[183, 256, [63.43494882292201], 'Termination']
[195, 227, [90.0], 'Termination']
[210, 230, [90.0], 'Termination']
[236, 54, [-45.0], 'Termination']
[242, 84, [-45.0], 'Termination']
[244, 136, [135.0], 'Termination']
[245, 216, [26.56505117707799], 'Termination']
[246, 108, [116.56505117707799], 'Termination']
[252, 255, [26.56505117707799], 'Termination']
[257, 171, [-0.0], 'Termination']
[282, 189, [-180.0], 'Termination']
[286, 54, [-63.43494882292201], 'Termination']
[293, 181, [-0.0], 'Termination']
[297, 53, [-63.43494882292201], 'Termination']
[303, 158, [153.434948822922], 'Termination']
[309, 263, [-153.434948822922], 'Termination']
[323, 65, [-63.43494882292201], 'Termination']
[323, 253, [-153.434948822922], 'Termination']