[39, 99, [45.0, -180.0, -90.0], 'Bifurcation']
[64, 120, [135.0, 45.0, -90.0], 'Bifurcation']
[73, 170, [-180.0, -0.0, -90.0], 'Bifurcation']
[93, 169, [90.0, -180.0, -45.0], 'Bifurcation']
[94, 114, [90.0, -180.0, -90.0], 'Bifurcation']
[101, 208, [90.0, -0.0, -135.0], 'Bifurcation']
[102, 124, [45.0, -180.0, -45.0], 'Bifurcation']
[113, 98, [90.0, -135.0, -45.0], 'Bifurcation']
[115, 120, [90.0, -0.0, -90.0], 'Bifurcation']
[115, 124, [45.0, -180.0, -45.0], 'Bifurcation']
[115, 209, [45.0, -180.0, -90.0], 'Bifurcation']
[120, 110, [45.0, -180.0, -90.0], 'Bifurcation']
[122, 74, [90.0, 45.0, -90.0], 'Bifurcation']
[121, 76, [135.0, -180.0, -45.0], 'Bifurcation']
[124, 148, [90.0, -180.0, -90.0], 'Bifurcation']
[129, 99, [45.0, -180.0, -90.0], 'Bifurcation']
[130, 124, [90.0, -180.0, -90.0], 'Bifurcation']
[132, 162, [90.0, -0.0, -90.0], 'Bifurcation']
[133, 79, [90.0, -180.0, -90.0], 'Bifurcation']
[133, 150, [90.0, -0.0, -135.0], 'Bifurcation']
[149, 64, [90.0, -180.0, -90.0], 'Bifurcation']
[150, 141, [90.0, -180.0, -90.0], 'Bifurcation']
[149, 162, [90.0, -180.0, -0.0], 'Bifurcation']
[156, 130, [90.0, -0.0, -90.0], 'Bifurcation']
[158, 119, [135.0, -0.0, -90.0], 'Bifurcation']
[166, 139, [90.0, -180.0, -45.0], 'Bifurcation']
[170, 128, [90.0, 45.0, -45.0], 'Bifurcation']
[194, 255, [135.0, -0.0, -90.0], 'Bifurcation']
[203, 262, [45.0, -180.0, -45.0], 'Bifurcation']
[214, 219, [90.0, -180.0, -90.0], 'Bifurcation']
[219, 65, [-180.0, -0.0, -90.0], 'Bifurcation']
[226, 227, [90.0, -180.0, -0.0], 'Bifurcation']
[243, 100, [90.0, -180.0, -0.0], 'Bifurcation']
[41, 131, [-135.0], 'Termination']
[56, 205, [-45.0], 'Termination']
[62, 100, [90.0], 'Termination']
[64, 168, [-135.0], 'Termination']
[66, 195, [-45.0], 'Termination']
[71, 85, [116.56505117707799], 'Termination']
[76, 236, [116.56505117707799], 'Termination']
[77, 198, [-63.43494882292201], 'Termination']
[78, 161, [45.0], 'Termination']
[81, 113, [63.43494882292201], 'Termination']
[90, 176, [-63.43494882292201], 'Termination']
[95, 250, [90.0], 'Termination']
[98, 145, [-90.0], 'Termination']
[107, 91, [90.0], 'Termination']
[113, 145, [63.43494882292201], 'Termination']
[114, 178, [-90.0], 'Termination']
[118, 193, [116.56505117707799], 'Termination']
[123, 291, [-116.56505117707799], 'Termination']
[132, 232, [45.0], 'Termination']
[133, 248, [45.0], 'Termination']
[134, 133, [-90.0], 'Termination']
[135, 292, [-116.56505117707799], 'Termination']
[138, 280, [45.0], 'Termination']
[148, 61, [-26.56505117707799], 'Termination']
[149, 194, [-153.434948822922], 'Termination']
[153, 291, [-153.434948822922], 'Termination']
[154, 154, [-26.56505117707799], 'Termination']
[158, 59, [-63.43494882292201], 'Termination']
[159, 123, [153.434948822922], 'Termination']
[161, 111, [116.56505117707799], 'Termination']
[166, 195, [45.0], 'Termination']
[170, 295, [-135.0], 'Termination']
[188, 103, [-45.0], 'Termination']
[198, 251, [-0.0], 'Termination']
[201, 54, [-26.56505117707799], 'Termination']
[212, 50, [-26.56505117707799], 'Termination']
[217, 150, [-0.0], 'Termination']
[219, 270, [-180.0], 'Termination']
[225, 164, [-180.0], 'Termination']
[225, 256, [-0.0], 'Termination']
[228, 61, [-26.56505117707799], 'Termination']
[233, 263, [153.434948822922], 'Termination']
[237, 48, [-90.0], 'Termination']
[246, 142, [-45.0], 'Termination']
[250, 119, [153.434948822922], 'Termination']
[262, 270, [153.434948822922], 'Termination']
[267, 47, [116.56505117707799], 'Termination']
[271, 215, [-153.434948822922], 'Termination']
[272, 65, [-26.56505117707799], 'Termination']
[275, 296, [-26.56505117707799], 'Termination']
[283, 174, [-0.0], 'Termination']
[297, 188, [-180.0], 'Termination']
[304, 147, [-180.0], 'Termination']
[66, 176, [90.0, 45.0, -135.0], 'Bifurcation']
[70, 119, [-180.0, -0.0, -90.0], 'Bifurcation']
[86, 100, [90.0, -180.0, -90.0], 'Bifurcation']
[90, 211, [90.0, -180.0, -45.0], 'Bifurcation']
[91, 75, [90.0, -135.0, -45.0], 'Bifurcation']
[100, 220, [90.0, 45.0, -90.0], 'Bifurcation']
[99, 222, [135.0, -180.0, -0.0], 'Bifurcation']
[105, 76, [90.0, -180.0, -90.0], 'Bifurcation']
[104, 134, [90.0, -135.0, -45.0], 'Bifurcation']
[108, 97, [90.0, -180.0, -90.0], 'Bifurcation']
[110, 108, [135.0, 45.0, -90.0], 'Bifurcation']
[110, 221, [-180.0, -0.0, -90.0], 'Bifurcation']
[114, 204, [45.0, -0.0, -90.0], 'Bifurcation']
[114, 206, [135.0, -180.0, -45.0], 'Bifurcation']
[116, 208, [135.0, 45.0, -135.0], 'Bifurcation']
[118, 121, [45.0, -180.0, -90.0], 'Bifurcation']
[129, 134, [90.0, -180.0, -90.0], 'Bifurcation']
[135, 122, [90.0, -0.0, -90.0], 'Bifurcation']
[136, 110, [90.0, -0.0, -90.0], 'Bifurcation']
[137, 156, [90.0, -180.0, -0.0], 'Bifurcation']
[139, 162, [-180.0, -0.0, -90.0], 'Bifurcation']
[142, 113, [90.0, -180.0, -90.0], 'Bifurcation']
[144, 113, [90.0, -0.0, -90.0], 'Bifurcation']
[147, 129, [90.0, -180.0, -90.0], 'Bifurcation']
[150, 117, [45.0, -180.0, -90.0], 'Bifurcation']
[203, 120, [90.0, -180.0, -0.0], 'Bifurcation']
[211, 196, [45.0, -180.0, -90.0], 'Bifurcation']
[216, 64, [90.0, -180.0, -90.0], 'Bifurcation']
[217, 235, [90.0, -180.0, -90.0], 'Bifurcation']
[225, 201, [90.0, -180.0, -0.0], 'Bifurcation']
[268, 169, [90.0, -180.0, -0.0], 'Bifurcation']
[283, 81, [-180.0, -0.0, -90.0], 'Bifurcation']
[294, 102, [90.0, -0.0, -135.0], 'Bifurcation']
[43, 257, [135.0], 'Termination']
[50, 128, [-116.56505117707799], 'Termination']
[50, 142, [-135.0], 'Termination']
[52, 156, [-153.434948822922], 'Termination']
[52, 270, [90.0], 'Termination']
[55, 176, [-153.434948822922], 'Termination']
[59, 79, [116.56505117707799], 'Termination']
[60, 261, [-90.0], 'Termination']
[62, 193, [-180.0], 'Termination']
[64, 223, [-63.43494882292201], 'Termination']
[75, 235, [90.0], 'Termination']
[77, 125, [-116.56505117707799], 'Termination']
[79, 137, [-90.0], 'Termination']
[86, 175, [-116.56505117707799], 'Termination']
[87, 149, [-116.56505117707799], 'Termination']
[89, 232, [90.0], 'Termination']
[93, 268, [90.0], 'Termination']
[94, 132, [90.0], 'Termination']
[99, 240, [90.0], 'Termination']
[103, 256, [90.0], 'Termination']
[104, 231, [-90.0], 'Termination']
[110, 190, [63.43494882292201], 'Termination']
[118, 238, [-116.56505117707799], 'Termination']
[121, 167, [63.43494882292201], 'Termination']
[140, 104, [135.0], 'Termination']
[142, 184, [-135.0], 'Termination']
[150, 244, [-116.56505117707799], 'Termination']
[155, 287, [-153.434948822922], 'Termination']
[158, 183, [-0.0], 'Termination']
[191, 297, [-153.434948822922], 'Termination']
[200, 128, [-0.0], 'Termination']
[200, 264, [-0.0], 'Termination']
[201, 297, [-153.434948822922], 'Termination']
[210, 138, [153.434948822922], 'Termination']
[213, 64, [-90.0], 'Termination']
[219, 268, [-180.0], 'Termination']
[221, 300, [-153.434948822922], 'Termination']
[225, 48, [-90.0], 'Termination']
[227, 92, [135.0], 'Termination']
[235, 293, [26.56505117707799], 'Termination']
[237, 47, [-63.43494882292201], 'Termination']
[237, 276, [-180.0], 'Termination']
[268, 222, [-153.434948822922], 'Termination']
[269, 139, [-26.56505117707799], 'Termination']
[279, 211, [-153.434948822922], 'Termination']
[284, 48, [-26.56505117707799], 'Termination']
[289, 132, [-0.0], 'Termination']
[308, 93, [153.434948822922], 'Termination']
[65, 131, [45.0, -180.0, -90.0], 'Bifurcation']
[74, 125, [90.0, -0.0, -90.0], 'Bifurcation']
[77, 137, [90.0, -0.0, -135.0], 'Bifurcation']
[82, 192, [90.0, -0.0, -135.0], 'Bifurcation']
[88, 109, [90.0, -0.0, -90.0], 'Bifurcation']
[90, 120, [90.0, -180.0, -90.0], 'Bifurcation']
[90, 108, [45.0, -0.0, -90.0], 'Bifurcation']
[90, 110, [135.0, 45.0, -180.0], 'Bifurcation']
[94, 175, [90.0, -0.0, -135.0], 'Bifurcation']
[106, 216, [90.0, -180.0, -45.0], 'Bifurcation']
[108, 94, [90.0, -180.0, -45.0], 'Bifurcation']
[109, 146, [90.0, -180.0, -45.0], 'Bifurcation']
[111, 210, [90.0, -180.0, -90.0], 'Bifurcation']
[113, 95, [135.0, 45.0, -90.0], 'Bifurcation']
[115, 147, [90.0, -0.0, -90.0], 'Bifurcation']
[128, 235, [90.0, 45.0, -90.0], 'Bifurcation']
[127, 237, [135.0, -180.0, -0.0], 'Bifurcation']
[132, 154, [90.0, -180.0, -45.0], 'Bifurcation']
[134, 250, [90.0, -180.0, -45.0], 'Bifurcation']
[139, 141, [135.0, 45.0, -90.0], 'Bifurcation']
[139, 153, [-180.0, -0.0, -90.0], 'Bifurcation']
[139, 249, [135.0, 45.0, -90.0], 'Bifurcation']
[146, 84, [90.0, 45.0, -90.0], 'Bifurcation']
[145, 86, [135.0, -180.0, -45.0], 'Bifurcation']
[145, 237, [135.0, 45.0, -90.0], 'Bifurcation']
[147, 95, [90.0, -0.0, -90.0], 'Bifurcation']
[149, 153, [90.0, -180.0, -45.0], 'Bifurcation']
[150, 140, [90.0, -180.0, -90.0], 'Bifurcation']
[156, 99, [90.0, -180.0, -90.0], 'Bifurcation']
[157, 129, [90.0, -180.0, -45.0], 'Bifurcation']
[163, 267, [90.0, -0.0, -90.0], 'Bifurcation']
[166, 91, [135.0, -90.0, -45.0], 'Bifurcation']
[168, 121, [90.0, -0.0, -135.0], 'Bifurcation']
[169, 93, [90.0, -180.0, -90.0], 'Bifurcation']
[168, 124, [45.0, -180.0, -135.0], 'Bifurcation']
[170, 91, [90.0, 45.0, -90.0], 'Bifurcation']
[171, 198, [90.0, -180.0, -0.0], 'Bifurcation']
[173, 134, [90.0, -180.0, -90.0], 'Bifurcation']
[173, 169, [90.0, -180.0, -90.0], 'Bifurcation']
[175, 214, [-180.0, -0.0, -90.0], 'Bifurcation']
[175, 216, [90.0, -180.0, -0.0], 'Bifurcation']
[182, 77, [90.0, -180.0, -45.0], 'Bifurcation']
[181, 198, [45.0, -180.0, -90.0], 'Bifurcation']
[189, 83, [135.0, 45.0, -90.0], 'Bifurcation']
[192, 120, [90.0, 45.0, -90.0], 'Bifurcation']
[191, 122, [135.0, -180.0, -0.0], 'Bifurcation']
[192, 94, [90.0, -135.0, -45.0], 'Bifurcation']
[193, 109, [90.0, -0.0, -90.0], 'Bifurcation']
[192, 152, [135.0, -0.0, -90.0], 'Bifurcation']
[193, 112, [-180.0, -0.0, -90.0], 'Bifurcation']
[201, 86, [90.0, -0.0, -90.0], 'Bifurcation']
[201, 90, [90.0, -180.0, -90.0], 'Bifurcation']
[210, 84, [90.0, -135.0, -90.0], 'Bifurcation']
[219, 86, [45.0, -180.0, -90.0], 'Bifurcation']
[226, 87, [90.0, -180.0, -45.0], 'Bifurcation']
[41, 202, [-180.0], 'Termination']
[43, 99, [-90.0], 'Termination']
[43, 109, [-116.56505117707799], 'Termination']
[47, 83, [-45.0], 'Termination']
[53, 108, [90.0], 'Termination']
[54, 281, [-63.43494882292201], 'Termination']
[66, 147, [-135.0], 'Termination']
[72, 85, [116.56505117707799], 'Termination']
[76, 104, [-116.56505117707799], 'Termination']
[81, 79, [116.56505117707799], 'Termination']
[83, 69, [90.0], 'Termination']
[87, 178, [-116.56505117707799], 'Termination']
[90, 89, [-116.56505117707799], 'Termination']
[91, 117, [26.56505117707799], 'Termination']
[91, 269, [90.0], 'Termination']
[113, 214, [-90.0], 'Termination']
[126, 201, [-90.0], 'Termination']
[127, 75, [-90.0], 'Termination']
[131, 123, [90.0], 'Termination']
[136, 292, [-116.56505117707799], 'Termination']
[139, 75, [90.0], 'Termination']
[142, 220, [90.0], 'Termination']
[148, 88, [116.56505117707799], 'Termination']
[150, 60, [-63.43494882292201], 'Termination']
[152, 292, [-153.434948822922], 'Termination']
[153, 150, [90.0], 'Termination']
[169, 103, [90.0], 'Termination']
[169, 164, [-63.43494882292201], 'Termination']
[169, 295, [-135.0], 'Termination']
[173, 175, [-63.43494882292201], 'Termination']
[173, 269, [-0.0], 'Termination']
[179, 121, [-116.56505117707799], 'Termination']
[185, 106, [-135.0], 'Termination']
[188, 205, [-153.434948822922], 'Termination']
[189, 116, [-135.0], 'Termination']
[190, 298, [-153.434948822922], 'Termination']
[193, 55, [-45.0], 'Termination']
[193, 78, [135.0], 'Termination']
[197, 158, [116.56505117707799], 'Termination']
[198, 219, [26.56505117707799], 'Termination']
[200, 95, [90.0], 'Termination']
[201, 266, [26.56505117707799], 'Termination']
[206, 108, [116.56505117707799], 'Termination']
[218, 93, [-90.0], 'Termination']
[240, 302, [-153.434948822922], 'Termination']
[264, 47, [-45.0], 'Termination']
[275, 297, [-45.0], 'Termination']
[277, 51, [-26.56505117707799], 'Termination']
[278, 141, [153.434948822922], 'Termination']
[282, 197, [-180.0], 'Termination']
[289, 185, [-180.0], 'Termination']
[62, 168, [90.0, -180.0, -0.0], 'Bifurcation']
[66, 178, [90.0, -0.0, -90.0], 'Bifurcation']
[68, 178, [90.0, -180.0, -0.0], 'Bifurcation']
[84, 144, [90.0, -180.0, -90.0], 'Bifurcation']
[98, 160, [45.0, -180.0, -90.0], 'Bifurcation']
[102, 118, [90.0, -180.0, -0.0], 'Bifurcation']
[102, 230, [-180.0, -0.0, -90.0], 'Bifurcation']
[109, 116, [135.0, -0.0, -90.0], 'Bifurcation']
[113, 189, [90.0, -0.0, -135.0], 'Bifurcation']
[113, 139, [135.0, -0.0, -90.0], 'Bifurcation']
[114, 174, [45.0, -180.0, -90.0], 'Bifurcation']
[116, 150, [90.0, -0.0, -135.0], 'Bifurcation']
[126, 167, [90.0, -0.0, -90.0], 'Bifurcation']
[129, 136, [90.0, -180.0, -45.0], 'Bifurcation']
[132, 188, [90.0, -0.0, -90.0], 'Bifurcation']
[141, 100, [90.0, -180.0, -45.0], 'Bifurcation']
[140, 212, [45.0, -180.0, -90.0], 'Bifurcation']
[142, 225, [90.0, -180.0, -90.0], 'Bifurcation']
[145, 99, [135.0, -0.0, -90.0], 'Bifurcation']
[154, 188, [135.0, -0.0, -90.0], 'Bifurcation']
[155, 215, [45.0, -135.0, -45.0], 'Bifurcation']
[161, 288, [45.0, -180.0, -90.0], 'Bifurcation']
[168, 170, [90.0, -0.0, -90.0], 'Bifurcation']
[168, 268, [90.0, -180.0, -90.0], 'Bifurcation']
[168, 173, [45.0, -180.0, -45.0], 'Bifurcation']
[172, 158, [90.0, -0.0, -135.0], 'Bifurcation']
[173, 255, [135.0, -0.0, -90.0], 'Bifurcation']
[179, 126, [135.0, -0.0, -90.0], 'Bifurcation']
[183, 159, [135.0, -0.0, -135.0], 'Bifurcation']
[183, 161, [45.0, -180.0, -45.0], 'Bifurcation']
[185, 103, [90.0, -0.0, -90.0], 'Bifurcation']
[184, 196, [135.0, -0.0, -90.0], 'Bifurcation']
[188, 171, [90.0, 45.0, -90.0], 'Bifurcation']
[187, 173, [135.0, -180.0, -45.0], 'Bifurcation']
[187, 288, [135.0, -0.0, -90.0], 'Bifurcation']
[193, 162, [45.0, -180.0, -90.0], 'Bifurcation']
[196, 109, [90.0, -135.0, -45.0], 'Bifurcation']
[197, 188, [90.0, -180.0, -45.0], 'Bifurcation']
[198, 173, [90.0, 45.0, -90.0], 'Bifurcation']
[198, 107, [135.0, 45.0, -0.0], 'Bifurcation']
[198, 150, [90.0, -90.0, -45.0], 'Bifurcation']
[199, 109, [135.0, 90.0, -90.0], 'Bifurcation']
[200, 121, [90.0, -180.0, -90.0], 'Bifurcation']
[200, 152, [135.0, -0.0, -135.0], 'Bifurcation']
[202, 150, [90.0, 45.0, -45.0], 'Bifurcation']
[203, 219, [90.0, -180.0, -45.0], 'Bifurcation']
[202, 290, [135.0, -0.0, -90.0], 'Bifurcation']
[205, 154, [90.0, -180.0, -45.0], 'Bifurcation']
[205, 65, [90.0, -135.0, -45.0], 'Bifurcation']
[206, 237, [90.0, -0.0, -135.0], 'Bifurcation']
[206, 243, [45.0, -180.0, -90.0], 'Bifurcation']
[208, 178, [90.0, -180.0, -90.0], 'Bifurcation']
[210, 191, [90.0, -180.0, -90.0], 'Bifurcation']
[213, 158, [90.0, -180.0, -90.0], 'Bifurcation']
[215, 219, [45.0, -180.0, -45.0], 'Bifurcation']
[220, 74, [45.0, -0.0, -90.0], 'Bifurcation']
[220, 76, [135.0, -180.0, -45.0], 'Bifurcation']
[223, 182, [90.0, -0.0, -90.0], 'Bifurcation']
[240, 184, [90.0, -180.0, -45.0], 'Bifurcation']
[281, 261, [45.0, -180.0, -90.0], 'Bifurcation']
[288, 249, [90.0, -180.0, -45.0], 'Bifurcation']
[53, 176, [-153.434948822922], 'Termination']
[53, 208, [-0.0], 'Termination']
[63, 181, [-153.434948822922], 'Termination']
[67, 243, [153.434948822922], 'Termination']
[89, 143, [90.0], 'Termination']
[107, 191, [-135.0], 'Termination']
[117, 209, [26.56505117707799], 'Termination']
[122, 192, [-116.56505117707799], 'Termination']
[134, 92, [-90.0], 'Termination']
[137, 130, [63.43494882292201], 'Termination']
[141, 208, [26.56505117707799], 'Termination']
[147, 189, [-116.56505117707799], 'Termination']
[154, 158, [-90.0], 'Termination']
[156, 285, [-90.0], 'Termination']
[158, 262, [-90.0], 'Termination']
[160, 252, [-90.0], 'Termination']
[161, 295, [-90.0], 'Termination']
[162, 76, [-116.56505117707799], 'Termination']
[164, 181, [116.56505117707799], 'Termination']
[172, 142, [90.0], 'Termination']
[174, 80, [-116.56505117707799], 'Termination']
[175, 239, [116.56505117707799], 'Termination']
[176, 227, [-90.0], 'Termination']
[192, 188, [-90.0], 'Termination']
[199, 289, [-90.0], 'Termination']
[203, 54, [63.43494882292201], 'Termination']
[204, 185, [-63.43494882292201], 'Termination']
[207, 296, [-116.56505117707799], 'Termination']
[208, 232, [-153.434948822922], 'Termination']
[210, 153, [-45.0], 'Termination']
[210, 212, [116.56505117707799], 'Termination']
[226, 66, [90.0], 'Termination']
[228, 184, [116.56505117707799], 'Termination']
[228, 246, [45.0], 'Termination']
[230, 166, [135.0], 'Termination']
[281, 112, [-26.56505117707799], 'Termination']
[282, 191, [153.434948822922], 'Termination']
[284, 203, [26.56505117707799], 'Termination']
[291, 217, [-180.0], 'Termination']
[298, 122, [-45.0], 'Termination']
[319, 174, [153.434948822922], 'Termination']
[326, 219, [-180.0], 'Termination']
[84, 116, [45.0, -180.0, -45.0], 'Bifurcation']
[90, 80, [90.0, -180.0, -0.0], 'Bifurcation']
[135, 213, [90.0, -180.0, -90.0], 'Bifurcation']
[143, 116, [90.0, -0.0, -135.0], 'Bifurcation']
[159, 101, [90.0, -0.0, -90.0], 'Bifurcation']
[162, 147, [90.0, -180.0, -90.0], 'Bifurcation']
[168, 139, [90.0, -180.0, -90.0], 'Bifurcation']
[173, 190, [90.0, -180.0, -90.0], 'Bifurcation']
[173, 222, [90.0, -0.0, -90.0], 'Bifurcation']
[181, 129, [90.0, -135.0, -45.0], 'Bifurcation']
[182, 167, [90.0, 45.0, -90.0], 'Bifurcation']
[181, 169, [135.0, -180.0, -45.0], 'Bifurcation']
[183, 77, [135.0, 45.0, -90.0], 'Bifurcation']
[189, 113, [90.0, -180.0, -45.0], 'Bifurcation']
[191, 182, [45.0, -180.0, -90.0], 'Bifurcation']
[195, 87, [90.0, -180.0, -45.0], 'Bifurcation']
[206, 74, [90.0, 45.0, -45.0], 'Bifurcation']
[204, 87, [45.0, -180.0, -90.0], 'Bifurcation']
[210, 100, [90.0, -0.0, -135.0], 'Bifurcation']
[211, 203, [135.0, -0.0, -90.0], 'Bifurcation']
[222, 103, [45.0, -180.0, -90.0], 'Bifurcation']
[228, 135, [90.0, -180.0, -45.0], 'Bifurcation']
[232, 152, [90.0, -0.0, -90.0], 'Bifurcation']
[237, 107, [90.0, -180.0, -90.0], 'Bifurcation']
[240, 122, [90.0, -0.0, -90.0], 'Bifurcation']
[240, 139, [45.0, -180.0, -90.0], 'Bifurcation']
[241, 130, [90.0, -180.0, -0.0], 'Bifurcation']
[308, 203, [90.0, -180.0, -0.0], 'Bifurcation']
[53, 214, [-0.0], 'Termination']
[59, 164, [-180.0], 'Termination']
[68, 181, [-180.0], 'Termination']
[79, 65, [45.0], 'Termination']
[80, 86, [-116.56505117707799], 'Termination']
[91, 155, [-180.0], 'Termination']
[91, 268, [-45.0], 'Termination']
[94, 253, [-26.56505117707799], 'Termination']
[100, 237, [-63.43494882292201], 'Termination']
[101, 263, [135.0], 'Termination']
[103, 278, [135.0], 'Termination']
[111, 218, [116.56505117707799], 'Termination']
[111, 241, [90.0], 'Termination']
[126, 278, [-63.43494882292201], 'Termination']
[134, 210, [-26.56505117707799], 'Termination']
[137, 57, [90.0], 'Termination']
[141, 124, [-153.434948822922], 'Termination']
[147, 107, [-135.0], 'Termination']
[167, 184, [-90.0], 'Termination']
[169, 143, [-63.43494882292201], 'Termination']
[170, 254, [-63.43494882292201], 'Termination']
[175, 239, [116.56505117707799], 'Termination']
[177, 278, [-90.0], 'Termination']
[178, 227, [116.56505117707799], 'Termination']
[198, 115, [90.0], 'Termination']
[199, 154, [116.56505117707799], 'Termination']
[204, 279, [-116.56505117707799], 'Termination']
[214, 273, [63.43494882292201], 'Termination']
[224, 238, [-116.56505117707799], 'Termination']
[226, 47, [-90.0], 'Termination']
[226, 122, [-63.43494882292201], 'Termination']
[232, 101, [-45.0], 'Termination']
[234, 147, [-180.0], 'Termination']
[246, 149, [-180.0], 'Termination']
[251, 165, [45.0], 'Termination']
[258, 82, [116.56505117707799], 'Termination']
[262, 223, [-116.56505117707799], 'Termination']
[289, 217, [-153.434948822922], 'Termination']
[299, 213, [-153.434948822922], 'Termination']
[301, 196, [26.56505117707799], 'Termination']
[308, 207, [-180.0], 'Termination']
[310, 111, [153.434948822922], 'Termination']
[311, 124, [-0.0], 'Termination']
[317, 137, [-180.0], 'Termination']
[326, 60, [-26.56505117707799], 'Termination']
[96, 275, [90.0, -0.0, -135.0], 'Bifurcation']
[102, 151, [90.0, 45.0, -90.0], 'Bifurcation']
[102, 154, [135.0, -0.0, -90.0], 'Bifurcation']
[109, 125, [90.0, -0.0, -90.0], 'Bifurcation']
[109, 149, [90.0, -0.0, -90.0], 'Bifurcation']
[118, 168, [135.0, 45.0, -135.0], 'Bifurcation']
[122, 134, [90.0, -135.0, -45.0], 'Bifurcation']
[126, 187, [90.0, -0.0, -90.0], 'Bifurcation']
[138, 224, [90.0, -180.0, -90.0], 'Bifurcation']
[148, 107, [90.0, -0.0, -90.0], 'Bifurcation']
[151, 110, [135.0, 90.0, -135.0], 'Bifurcation']
[151, 214, [90.0, -135.0, -45.0], 'Bifurcation']
[154, 251, [45.0, -0.0, -90.0], 'Bifurcation']
[154, 253, [135.0, -180.0, -45.0], 'Bifurcation']
[157, 286, [90.0, -180.0, -90.0], 'Bifurcation']
[164, 170, [90.0, -180.0, -45.0], 'Bifurcation']
[166, 89, [90.0, -180.0, -45.0], 'Bifurcation']
[165, 265, [-180.0, -0.0, -90.0], 'Bifurcation']
[166, 253, [135.0, -0.0, -90.0], 'Bifurcation']
[168, 155, [45.0, -0.0, -90.0], 'Bifurcation']
[168, 157, [135.0, -180.0, -45.0], 'Bifurcation']
[172, 169, [135.0, -0.0, -90.0], 'Bifurcation']
[180, 101, [90.0, -0.0, -135.0], 'Bifurcation']
[182, 168, [90.0, 45.0, -90.0], 'Bifurcation']
[181, 170, [135.0, -180.0, -45.0], 'Bifurcation']
[184, 113, [90.0, -0.0, -90.0], 'Bifurcation']
[184, 116, [90.0, -180.0, -45.0], 'Bifurcation']
[184, 159, [90.0, -180.0, -90.0], 'Bifurcation']
[185, 284, [135.0, -0.0, -90.0], 'Bifurcation']
[190, 116, [45.0, -180.0, -90.0], 'Bifurcation']
[194, 75, [90.0, -180.0, -45.0], 'Bifurcation']
[196, 85, [45.0, -0.0, -90.0], 'Bifurcation']
[196, 87, [135.0, -180.0, -45.0], 'Bifurcation']
[199, 215, [90.0, -180.0, -45.0], 'Bifurcation']
[203, 235, [90.0, -0.0, -135.0], 'Bifurcation']
[205, 231, [135.0, -0.0, -90.0], 'Bifurcation']
[209, 208, [90.0, -180.0, -45.0], 'Bifurcation']
[212, 77, [90.0, -180.0, -90.0], 'Bifurcation']
[212, 74, [135.0, -0.0, -135.0], 'Bifurcation']
[216, 63, [90.0, -0.0, -135.0], 'Bifurcation']
[216, 179, [135.0, -0.0, -90.0], 'Bifurcation']
[40, 107, [-0.0], 'Termination']
[44, 138, [26.56505117707799], 'Termination']
[49, 209, [-0.0], 'Termination']
[64, 245, [153.434948822922], 'Termination']
[95, 270, [-45.0], 'Termination']
[98, 158, [-116.56505117707799], 'Termination']
[111, 169, [-116.56505117707799], 'Termination']
[114, 94, [90.0], 'Termination']
[115, 290, [135.0], 'Termination']
[118, 191, [-135.0], 'Termination']
[125, 130, [45.0], 'Termination']
[146, 166, [63.43494882292201], 'Termination']
[147, 61, [-116.56505117707799], 'Termination']
[154, 283, [-63.43494882292201], 'Termination']
[157, 261, [-90.0], 'Termination']
[159, 69, [-90.0], 'Termination']
[164, 139, [90.0], 'Termination']
[172, 237, [90.0], 'Termination']
[185, 86, [-90.0], 'Termination']
[190, 108, [116.56505117707799], 'Termination']
[207, 219, [-0.0], 'Termination']
[209, 290, [-116.56505117707799], 'Termination']
[216, 230, [-153.434948822922], 'Termination']
[219, 73, [90.0], 'Termination']
[221, 179, [90.0], 'Termination']
[225, 162, [135.0], 'Termination']
[225, 241, [45.0], 'Termination']
[273, 122, [-45.0], 'Termination']
[279, 197, [-0.0], 'Termination']
[287, 212, [-180.0], 'Termination']
[308, 172, [153.434948822922], 'Termination']
[108, 148, [45.0, -180.0, -45.0], 'Bifurcation']
[108, 151, [45.0, -180.0, -135.0], 'Bifurcation']
[110, 150, [135.0, 90.0, -135.0], 'Bifurcation']
[112, 146, [90.0, -0.0, -135.0], 'Bifurcation']
[118, 160, [90.0, -180.0, -0.0], 'Bifurcation']
[139, 185, [45.0, -180.0, -45.0], 'Bifurcation']
[143, 180, [45.0, -180.0, -90.0], 'Bifurcation']
[152, 117, [90.0, -0.0, -90.0], 'Bifurcation']
[154, 141, [45.0, -0.0, -90.0], 'Bifurcation']
[154, 143, [135.0, -180.0, -0.0], 'Bifurcation']
[155, 158, [45.0, -180.0, -90.0], 'Bifurcation']
[157, 130, [90.0, -180.0, -45.0], 'Bifurcation']
[157, 207, [90.0, -0.0, -90.0], 'Bifurcation']
[157, 169, [45.0, -135.0, -45.0], 'Bifurcation']
[165, 100, [45.0, -180.0, -90.0], 'Bifurcation']
[166, 254, [135.0, 45.0, -90.0], 'Bifurcation']
[169, 221, [90.0, -180.0, -90.0], 'Bifurcation']
[173, 209, [135.0, -0.0, -90.0], 'Bifurcation']
[183, 57, [90.0, -0.0, -135.0], 'Bifurcation']
[190, 70, [90.0, -0.0, -90.0], 'Bifurcation']
[189, 240, [135.0, -0.0, -90.0], 'Bifurcation']
[192, 61, [90.0, -180.0, -90.0], 'Bifurcation']
[192, 72, [90.0, -180.0, -90.0], 'Bifurcation']
[194, 83, [45.0, -180.0, -90.0], 'Bifurcation']
[221, 134, [90.0, -0.0, -90.0], 'Bifurcation']
[244, 54, [90.0, -180.0, -0.0], 'Bifurcation']
[300, 109, [90.0, -0.0, -90.0], 'Bifurcation']
[41, 180, [-0.0], 'Termination']
[46, 239, [-0.0], 'Termination']
[48, 266, [-180.0], 'Termination']
[53, 221, [-0.0], 'Termination']
[54, 168, [26.56505117707799], 'Termination']
[56, 241, [-180.0], 'Termination']
[69, 201, [153.434948822922], 'Termination']
[70, 216, [153.434948822922], 'Termination']
[87, 227, [135.0], 'Termination']
[90, 269, [-63.43494882292201], 'Termination']
[110, 257, [-90.0], 'Termination']
[115, 170, [-153.434948822922], 'Termination']
[122, 246, [-26.56505117707799], 'Termination']
[144, 185, [-90.0], 'Termination']
[145, 145, [-116.56505117707799], 'Termination']
[156, 256, [-90.0], 'Termination']
[159, 152, [45.0], 'Termination']
[166, 218, [-63.43494882292201], 'Termination']
[170, 149, [-116.56505117707799], 'Termination']
[173, 284, [63.43494882292201], 'Termination']
[176, 192, [90.0], 'Termination']
[181, 246, [-90.0], 'Termination']
[190, 85, [-116.56505117707799], 'Termination']
[192, 51, [-63.43494882292201], 'Termination']
[211, 49, [-63.43494882292201], 'Termination']
[224, 134, [90.0], 'Termination']
[225, 249, [-116.56505117707799], 'Termination']
[229, 197, [26.56505117707799], 'Termination']
[243, 50, [-26.56505117707799], 'Termination']
[246, 240, [-135.0], 'Termination']
[258, 238, [-153.434948822922], 'Termination']
[278, 64, [-26.56505117707799], 'Termination']
[281, 140, [153.434948822922], 'Termination']
[283, 151, [-0.0], 'Termination']
[288, 66, [-45.0], 'Termination']
[291, 163, [-180.0], 'Termination']
[301, 106, [-26.56505117707799], 'Termination']
[314, 143, [-0.0], 'Termination']
[71, 209, [45.0, -180.0, -45.0], 'Bifurcation']
[113, 124, [90.0, -180.0, -45.0], 'Bifurcation']
[118, 100, [90.0, -0.0, -90.0], 'Bifurcation']
[118, 135, [90.0, -135.0, -45.0], 'Bifurcation']
[127, 131, [90.0, -0.0, -90.0], 'Bifurcation']
[131, 210, [135.0, -180.0, -0.0], 'Bifurcation']
[150, 105, [90.0, -180.0, -45.0], 'Bifurcation']
[152, 116, [90.0, -180.0, -90.0], 'Bifurcation']
[162, 104, [45.0, -180.0, -90.0], 'Bifurcation']
[163, 137, [90.0, -135.0, -45.0], 'Bifurcation']
[165, 89, [90.0, -0.0, -90.0], 'Bifurcation']
[169, 258, [90.0, -0.0, -90.0], 'Bifurcation']
[170, 221, [90.0, -180.0, -45.0], 'Bifurcation']
[174, 205, [90.0, -180.0, -90.0], 'Bifurcation']
[180, 56, [90.0, 45.0, -90.0], 'Bifurcation']
[179, 58, [135.0, -180.0, -45.0], 'Bifurcation']
[181, 116, [90.0, -180.0, -90.0], 'Bifurcation']
[183, 177, [90.0, -180.0, -45.0], 'Bifurcation']
[190, 176, [135.0, 45.0, -90.0], 'Bifurcation']
[201, 109, [90.0, -0.0, -135.0], 'Bifurcation']
[209, 112, [45.0, -180.0, -90.0], 'Bifurcation']
[216, 223, [90.0, -180.0, -90.0], 'Bifurcation']
[221, 242, [90.0, -0.0, -135.0], 'Bifurcation']
[223, 195, [90.0, -180.0, -45.0], 'Bifurcation']
[224, 117, [90.0, 45.0, -45.0], 'Bifurcation']
[223, 119, [135.0, -180.0, -0.0], 'Bifurcation']
[224, 235, [45.0, -180.0, -45.0], 'Bifurcation']
[228, 216, [90.0, -180.0, -0.0], 'Bifurcation']
[234, 91, [90.0, -0.0, -90.0], 'Bifurcation']
[236, 187, [90.0, -0.0, -90.0], 'Bifurcation']
[260, 108, [90.0, -180.0, -45.0], 'Bifurcation']
[317, 164, [90.0, -0.0, -90.0], 'Bifurcation']
[45, 148, [26.56505117707799], 'Termination']
[50, 169, [-180.0], 'Termination']
[55, 277, [153.434948822922], 'Termination']
[61, 129, [-135.0], 'Termination']
[90, 269, [-63.43494882292201], 'Termination']
[90, 286, [-63.43494882292201], 'Termination']
[105, 86, [-116.56505117707799], 'Termination']
[105, 96, [-116.56505117707799], 'Termination']
[114, 121, [26.56505117707799], 'Termination']
[117, 104, [-153.434948822922], 'Termination']
[119, 80, [63.43494882292201], 'Termination']
[128, 290, [-90.0], 'Termination']
[133, 276, [135.0], 'Termination']
[153, 59, [-116.56505117707799], 'Termination']
[153, 69, [-116.56505117707799], 'Termination']
[166, 134, [45.0], 'Termination']
[168, 173, [90.0], 'Termination']
[181, 258, [90.0], 'Termination']
[185, 146, [90.0], 'Termination']
[189, 244, [116.56505117707799], 'Termination']
[216, 285, [-116.56505117707799], 'Termination']
[223, 192, [-0.0], 'Termination']
[224, 122, [153.434948822922], 'Termination']
[226, 228, [26.56505117707799], 'Termination']
[231, 208, [-45.0], 'Termination']
[236, 233, [-180.0], 'Termination']
[239, 187, [90.0], 'Termination']
[240, 277, [-135.0], 'Termination']
[241, 252, [45.0], 'Termination']
[243, 85, [116.56505117707799], 'Termination']
[254, 274, [-135.0], 'Termination']
[255, 63, [135.0], 'Termination']
[256, 53, [135.0], 'Termination']
[267, 268, [-135.0], 'Termination']
[296, 194, [153.434948822922], 'Termination']
[298, 206, [-0.0], 'Termination']
[303, 116, [-26.56505117707799], 'Termination']
[306, 218, [-180.0], 'Termination']
[310, 234, [-180.0], 'Termination']
[322, 215, [-180.0], 'Termination']
[329, 151, [135.0], 'Termination']
[103, 155, [90.0, -180.0, -90.0], 'Bifurcation']
[106, 118, [90.0, -0.0, -135.0], 'Bifurcation']
[129, 90, [45.0, -180.0, -45.0], 'Bifurcation']
[138, 126, [90.0, -0.0, -135.0], 'Bifurcation']
[141, 108, [90.0, -180.0, -90.0], 'Bifurcation']
[142, 67, [90.0, -180.0, -90.0], 'Bifurcation']
[145, 79, [90.0, -180.0, -90.0], 'Bifurcation']
[150, 63, [135.0, -0.0, -90.0], 'Bifurcation']
[152, 98, [90.0, -90.0, -45.0], 'Bifurcation']
[154, 100, [135.0, -0.0, -135.0], 'Bifurcation']
[156, 98, [90.0, 45.0, -135.0], 'Bifurcation']
[158, 72, [90.0, -0.0, -90.0], 'Bifurcation']
[161, 133, [90.0, -0.0, -90.0], 'Bifurcation']
[163, 174, [90.0, -0.0, -135.0], 'Bifurcation']
[166, 148, [45.0, -0.0, -90.0], 'Bifurcation']
[166, 150, [135.0, -180.0, -0.0], 'Bifurcation']
[170, 113, [90.0, -0.0, -135.0], 'Bifurcation']
[180, 132, [90.0, -0.0, -90.0], 'Bifurcation']
[191, 139, [45.0, -180.0, -90.0], 'Bifurcation']
[201, 131, [135.0, -0.0, -90.0], 'Bifurcation']
[203, 76, [90.0, -180.0, -90.0], 'Bifurcation']
[209, 93, [90.0, -180.0, -0.0], 'Bifurcation']
[211, 128, [90.0, -180.0, -90.0], 'Bifurcation']
[211, 142, [90.0, -180.0, -45.0], 'Bifurcation']
[217, 88, [45.0, -180.0, -90.0], 'Bifurcation']
[223, 112, [135.0, -0.0, -90.0], 'Bifurcation']
[225, 197, [135.0, -0.0, -90.0], 'Bifurcation']
[229, 101, [90.0, -180.0, -45.0], 'Bifurcation']
[230, 56, [90.0, -0.0, -90.0], 'Bifurcation']
[231, 68, [90.0, -0.0, -135.0], 'Bifurcation']
[231, 137, [135.0, -0.0, -90.0], 'Bifurcation']
[234, 126, [90.0, -180.0, -0.0], 'Bifurcation']
[235, 101, [135.0, 45.0, -90.0], 'Bifurcation']
[240, 60, [45.0, -180.0, -90.0], 'Bifurcation']
[251, 52, [90.0, -0.0, -90.0], 'Bifurcation']
[253, 54, [90.0, -180.0, -90.0], 'Bifurcation']
[253, 159, [90.0, -180.0, -45.0], 'Bifurcation']
[257, 175, [-180.0, -0.0, -45.0], 'Bifurcation']
[257, 178, [135.0, -180.0, -0.0], 'Bifurcation']
[258, 129, [45.0, -180.0, -45.0], 'Bifurcation']
[263, 151, [90.0, -180.0, -0.0], 'Bifurcation']
[265, 159, [45.0, -180.0, -90.0], 'Bifurcation']
[269, 121, [135.0, -0.0, -90.0], 'Bifurcation']
[278, 128, [90.0, -180.0, -45.0], 'Bifurcation']
[299, 97, [45.0, -180.0, -90.0], 'Bifurcation']
[49, 91, [-180.0], 'Termination']
[55, 210, [-180.0], 'Termination']
[56, 253, [-0.0], 'Termination']
[57, 264, [-180.0], 'Termination']
[62, 74, [26.56505117707799], 'Termination']
[63, 165, [-180.0], 'Termination']
[64, 200, [26.56505117707799], 'Termination']
[69, 124, [-180.0], 'Termination']
[73, 79, [-180.0], 'Termination']
[82, 200, [-180.0], 'Termination']
[85, 226, [-0.0], 'Termination']
[88, 63, [26.56505117707799], 'Termination']
[92, 210, [153.434948822922], 'Termination']
[95, 226, [-0.0], 'Termination']
[96, 126, [-135.0], 'Termination']
[113, 217, [135.0], 'Termination']
[117, 195, [153.434948822922], 'Termination']
[123, 219, [135.0], 'Termination']
[135, 127, [-116.56505117707799], 'Termination']
[139, 244, [-63.43494882292201], 'Termination']
[140, 284, [-63.43494882292201], 'Termination']
[153, 137, [-116.56505117707799], 'Termination']
[155, 290, [116.56505117707799], 'Termination']
[160, 116, [-116.56505117707799], 'Termination']
[167, 139, [-135.0], 'Termination']
[186, 273, [-90.0], 'Termination']
[196, 112, [63.43494882292201], 'Termination']
[204, 248, [90.0], 'Termination']
[207, 162, [-90.0], 'Termination']
[209, 193, [-63.43494882292201], 'Termination']
[214, 265, [63.43494882292201], 'Termination']
[217, 252, [63.43494882292201], 'Termination']
[225, 180, [90.0], 'Termination']
[232, 71, [153.434948822922], 'Termination']
[249, 145, [-63.43494882292201], 'Termination']
[262, 213, [-116.56505117707799], 'Termination']
[272, 167, [-180.0], 'Termination']
[279, 184, [26.56505117707799], 'Termination']
[286, 200, [-153.434948822922], 'Termination']
[318, 139, [-180.0], 'Termination']
[321, 70, [135.0], 'Termination']
[327, 104, [153.434948822922], 'Termination']
[329, 94, [153.434948822922], 'Termination']
[60, 131, [90.0, -180.0, -0.0], 'Bifurcation']
[79, 105, [45.0, -180.0, -90.0], 'Bifurcation']
[82, 101, [90.0, -180.0, -0.0], 'Bifurcation']
[96, 81, [90.0, -180.0, -90.0], 'Bifurcation']
[96, 120, [90.0, -180.0, -90.0], 'Bifurcation']
[97, 92, [90.0, -180.0, -90.0], 'Bifurcation']
[96, 118, [-180.0, -0.0, -90.0], 'Bifurcation']
[103, 75, [135.0, -0.0, -90.0], 'Bifurcation']
[108, 154, [45.0, -180.0, -90.0], 'Bifurcation']
[110, 148, [45.0, -0.0, -90.0], 'Bifurcation']
[110, 110, [135.0, -0.0, -90.0], 'Bifurcation']
[112, 133, [45.0, -180.0, -90.0], 'Bifurcation']
[112, 148, [90.0, -0.0, -135.0], 'Bifurcation']
[112, 150, [90.0, -180.0, -0.0], 'Bifurcation']
[123, 125, [90.0, -0.0, -90.0], 'Bifurcation']
[132, 145, [90.0, -0.0, -135.0], 'Bifurcation']
[142, 186, [90.0, -180.0, -90.0], 'Bifurcation']
[142, 152, [45.0, -135.0, -90.0], 'Bifurcation']
[144, 150, [45.0, -180.0, -45.0], 'Bifurcation']
[144, 182, [45.0, -180.0, -90.0], 'Bifurcation']
[146, 152, [135.0, 90.0, -135.0], 'Bifurcation']
[148, 148, [90.0, -0.0, -135.0], 'Bifurcation']
[158, 263, [90.0, 45.0, -90.0], 'Bifurcation']
[157, 265, [135.0, -180.0, -45.0], 'Bifurcation']
[166, 127, [90.0, -180.0, -45.0], 'Bifurcation']
[167, 115, [90.0, -180.0, -45.0], 'Bifurcation']
[167, 243, [45.0, -180.0, -90.0], 'Bifurcation']
[173, 222, [45.0, -180.0, -90.0], 'Bifurcation']
[175, 126, [45.0, -180.0, -90.0], 'Bifurcation']
[178, 56, [45.0, -0.0, -90.0], 'Bifurcation']
[178, 58, [135.0, -180.0, -45.0], 'Bifurcation']
[178, 114, [45.0, -180.0, -90.0], 'Bifurcation']
[180, 209, [90.0, -0.0, -90.0], 'Bifurcation']
[181, 79, [45.0, -0.0, -90.0], 'Bifurcation']
[182, 126, [90.0, -180.0, -45.0], 'Bifurcation']
[184, 69, [90.0, -0.0, -135.0], 'Bifurcation']
[192, 83, [90.0, -180.0, -90.0], 'Bifurcation']
[191, 126, [45.0, -180.0, -90.0], 'Bifurcation']
[193, 138, [90.0, -0.0, -135.0], 'Bifurcation']
[194, 73, [90.0, -180.0, -90.0], 'Bifurcation']
[196, 64, [90.0, -135.0, -90.0], 'Bifurcation']
[200, 63, [90.0, 45.0, -90.0], 'Bifurcation']
[204, 171, [90.0, -180.0, -45.0], 'Bifurcation']
[205, 67, [90.0, -180.0, -90.0], 'Bifurcation']
[209, 142, [45.0, -180.0, -90.0], 'Bifurcation']
[220, 133, [90.0, -0.0, -90.0], 'Bifurcation']
[292, 192, [45.0, -180.0, -45.0], 'Bifurcation']
[51, 140, [-153.434948822922], 'Termination']
[55, 172, [26.56505117707799], 'Termination']
[66, 245, [153.434948822922], 'Termination']
[71, 207, [153.434948822922], 'Termination']
[100, 272, [90.0], 'Termination']
[110, 88, [63.43494882292201], 'Termination']
[118, 153, [-116.56505117707799], 'Termination']
[148, 125, [63.43494882292201], 'Termination']
[153, 289, [116.56505117707799], 'Termination']
[160, 174, [-90.0], 'Termination']
[160, 241, [-116.56505117707799], 'Termination']
[162, 207, [-90.0], 'Termination']
[165, 269, [90.0], 'Termination']
[168, 96, [90.0], 'Termination']
[168, 150, [-116.56505117707799], 'Termination']
[168, 219, [-90.0], 'Termination']
[178, 193, [90.0], 'Termination']
[179, 181, [-90.0], 'Termination']
[189, 52, [-90.0], 'Termination']
[190, 238, [90.0], 'Termination']
[193, 264, [-116.56505117707799], 'Termination']
[209, 50, [-90.0], 'Termination']
[217, 191, [45.0], 'Termination']
[223, 180, [-153.434948822922], 'Termination']
[225, 48, [-90.0], 'Termination']
[225, 114, [116.56505117707799], 'Termination']
[225, 134, [116.56505117707799], 'Termination']
[231, 196, [26.56505117707799], 'Termination']
[238, 253, [-135.0], 'Termination']
[252, 249, [-135.0], 'Termination']
[260, 46, [-63.43494882292201], 'Termination']
[282, 138, [153.434948822922], 'Termination']
[283, 148, [-0.0], 'Termination']
[284, 222, [26.56505117707799], 'Termination']
[292, 161, [-180.0], 'Termination']
[292, 204, [-180.0], 'Termination']
[297, 75, [-45.0], 'Termination']
[320, 167, [153.434948822922], 'Termination']