[56, 156, [-180.0, -0.0, -90.0], 'Bifurcation']
[61, 140, [90.0, -180.0, -90.0], 'Bifurcation']
[61, 137, [-180.0, -0.0, -90.0], 'Bifurcation']
[62, 165, [90.0, -180.0, -45.0], 'Bifurcation']
[67, 156, [90.0, -180.0, -45.0], 'Bifurcation']
[69, 138, [90.0, -0.0, -90.0], 'Bifurcation']
[77, 138, [90.0, -180.0, -0.0], 'Bifurcation']
[79, 123, [90.0, -180.0, -90.0], 'Bifurcation']
[89, 148, [90.0, -0.0, -90.0], 'Bifurcation']
[93, 140, [90.0, -0.0, -90.0], 'Bifurcation']
[94, 268, [90.0, -180.0, -90.0], 'Bifurcation']
[101, 172, [90.0, -0.0, -90.0], 'Bifurcation']
[108, 262, [90.0, -180.0, -90.0], 'Bifurcation']
[109, 176, [90.0, -180.0, -90.0], 'Bifurcation']
[110, 185, [90.0, -0.0, -90.0], 'Bifurcation']
[113, 177, [90.0, -0.0, -90.0], 'Bifurcation']
[120, 190, [90.0, -180.0, -90.0], 'Bifurcation']
[120, 235, [90.0, -0.0, -135.0], 'Bifurcation']
[121, 131, [90.0, -0.0, -90.0], 'Bifurcation']
[125, 190, [90.0, -0.0, -90.0], 'Bifurcation']
[127, 218, [90.0, -0.0, -135.0], 'Bifurcation']
[133, 121, [90.0, -180.0, -0.0], 'Bifurcation']
[135, 218, [135.0, -0.0, -90.0], 'Bifurcation']
[137, 196, [90.0, -180.0, -90.0], 'Bifurcation']
[139, 140, [90.0, -180.0, -90.0], 'Bifurcation']
[140, 124, [90.0, -135.0, -45.0], 'Bifurcation']
[147, 262, [135.0, 45.0, -90.0], 'Bifurcation']
[153, 196, [135.0, -0.0, -135.0], 'Bifurcation']
[166, 117, [90.0, -180.0, -90.0], 'Bifurcation']
[174, 246, [90.0, -0.0, -135.0], 'Bifurcation']
[176, 113, [90.0, -180.0, -90.0], 'Bifurcation']
[178, 103, [90.0, -0.0, -90.0], 'Bifurcation']
[183, 95, [135.0, -0.0, -90.0], 'Bifurcation']
[196, 94, [90.0, -180.0, -0.0], 'Bifurcation']
[198, 102, [45.0, -0.0, -90.0], 'Bifurcation']
[198, 104, [135.0, -180.0, -0.0], 'Bifurcation']
[214, 102, [45.0, -0.0, -90.0], 'Bifurcation']
[214, 104, [135.0, -180.0, -45.0], 'Bifurcation']
[218, 105, [45.0, -180.0, -90.0], 'Bifurcation']
[218, 143, [45.0, -180.0, -90.0], 'Bifurcation']
[224, 104, [90.0, 45.0, -135.0], 'Bifurcation']
[223, 106, [135.0, -180.0, -45.0], 'Bifurcation']
[224, 123, [90.0, -180.0, -90.0], 'Bifurcation']
[233, 120, [90.0, -0.0, -135.0], 'Bifurcation']
[234, 218, [45.0, -180.0, -45.0], 'Bifurcation']
[235, 161, [45.0, -180.0, -90.0], 'Bifurcation']
[237, 122, [90.0, -0.0, -90.0], 'Bifurcation']
[244, 126, [90.0, -0.0, -90.0], 'Bifurcation']
[244, 128, [45.0, -180.0, -0.0], 'Bifurcation']
[244, 156, [90.0, -180.0, -0.0], 'Bifurcation']
[246, 130, [90.0, 45.0, -90.0], 'Bifurcation']
[248, 111, [-180.0, -0.0, -90.0], 'Bifurcation']
[249, 257, [-180.0, -0.0, -90.0], 'Bifurcation']
[249, 265, [135.0, -0.0, -90.0], 'Bifurcation']
[253, 257, [90.0, -180.0, -0.0], 'Bifurcation']
[255, 137, [90.0, -180.0, -90.0], 'Bifurcation']
[258, 129, [90.0, -180.0, -45.0], 'Bifurcation']
[263, 117, [135.0, -0.0, -90.0], 'Bifurcation']
[273, 122, [90.0, -180.0, -0.0], 'Bifurcation']
[303, 171, [-180.0, -0.0, -90.0], 'Bifurcation']
[48, 153, [-180.0], 'Termination']
[56, 213, [135.0], 'Termination']
[66, 88, [90.0], 'Termination']
[68, 198, [-63.43494882292201], 'Termination']
[69, 133, [-116.56505117707799], 'Termination']
[73, 103, [90.0], 'Termination']
[73, 282, [-63.43494882292201], 'Termination']
[93, 153, [116.56505117707799], 'Termination']
[98, 261, [-63.43494882292201], 'Termination']
[101, 122, [-90.0], 'Termination']
[114, 229, [90.0], 'Termination']
[123, 135, [153.434948822922], 'Termination']
[127, 108, [90.0], 'Termination']
[128, 121, [-90.0], 'Termination']
[129, 212, [90.0], 'Termination']
[140, 101, [-90.0], 'Termination']
[142, 183, [135.0], 'Termination']
[146, 197, [116.56505117707799], 'Termination']
[155, 145, [-90.0], 'Termination']
[160, 285, [-116.56505117707799], 'Termination']
[166, 258, [63.43494882292201], 'Termination']
[195, 73, [-63.43494882292201], 'Termination']
[200, 222, [-180.0], 'Termination']
[215, 213, [-0.0], 'Termination']
[227, 131, [-45.0], 'Termination']
[247, 146, [-26.56505117707799], 'Termination']
[250, 254, [26.56505117707799], 'Termination']
[257, 118, [-0.0], 'Termination']
[289, 188, [-0.0], 'Termination']
[304, 177, [-180.0], 'Termination']
[322, 173, [-180.0], 'Termination']
[45, 127, [-180.0, -0.0, -90.0], 'Bifurcation']
[52, 135, [90.0, -180.0, -0.0], 'Bifurcation']
[56, 124, [90.0, -180.0, -0.0], 'Bifurcation']
[67, 108, [90.0, -0.0, -90.0], 'Bifurcation']
[78, 120, [135.0, -90.0, -45.0], 'Bifurcation']
[80, 122, [135.0, -0.0, -135.0], 'Bifurcation']
[82, 111, [90.0, -0.0, -90.0], 'Bifurcation']
[82, 120, [90.0, 45.0, -45.0], 'Bifurcation']
[85, 124, [90.0, -180.0, -90.0], 'Bifurcation']
[89, 143, [90.0, -0.0, -90.0], 'Bifurcation']
[92, 154, [90.0, 45.0, -45.0], 'Bifurcation']
[96, 147, [90.0, -180.0, -90.0], 'Bifurcation']
[98, 157, [90.0, -0.0, -90.0], 'Bifurcation']
[104, 92, [45.0, -0.0, -90.0], 'Bifurcation']
[108, 206, [90.0, 45.0, -135.0], 'Bifurcation']
[107, 208, [135.0, -180.0, -45.0], 'Bifurcation']
[113, 162, [90.0, -0.0, -90.0], 'Bifurcation']
[114, 207, [45.0, -180.0, -90.0], 'Bifurcation']
[116, 191, [90.0, -180.0, -45.0], 'Bifurcation']
[116, 255, [90.0, -180.0, -90.0], 'Bifurcation']
[121, 190, [135.0, -0.0, -90.0], 'Bifurcation']
[124, 94, [90.0, -135.0, -45.0], 'Bifurcation']
[125, 168, [90.0, -180.0, -45.0], 'Bifurcation']
[126, 251, [90.0, 45.0, -135.0], 'Bifurcation']
[125, 253, [135.0, -180.0, -45.0], 'Bifurcation']
[149, 238, [135.0, -0.0, -90.0], 'Bifurcation']
[154, 244, [90.0, -0.0, -90.0], 'Bifurcation']
[172, 262, [90.0, -180.0, -45.0], 'Bifurcation']
[196, 81, [90.0, -180.0, -90.0], 'Bifurcation']
[198, 77, [135.0, -0.0, -90.0], 'Bifurcation']
[220, 194, [90.0, -180.0, -90.0], 'Bifurcation']
[224, 97, [90.0, -135.0, -45.0], 'Bifurcation']
[224, 138, [-180.0, -0.0, -90.0], 'Bifurcation']
[231, 88, [45.0, -135.0, -45.0], 'Bifurcation']
[233, 104, [90.0, -180.0, -90.0], 'Bifurcation']
[233, 131, [90.0, -180.0, -0.0], 'Bifurcation']
[233, 153, [90.0, -180.0, -0.0], 'Bifurcation']
[234, 242, [-180.0, -0.0, -90.0], 'Bifurcation']
[241, 89, [90.0, -180.0, -90.0], 'Bifurcation']
[244, 94, [90.0, -180.0, -90.0], 'Bifurcation']
[249, 250, [90.0, -0.0, -135.0], 'Bifurcation']
[250, 98, [90.0, -180.0, -90.0], 'Bifurcation']
[252, 119, [135.0, -0.0, -90.0], 'Bifurcation']
[254, 99, [135.0, -135.0, -90.0], 'Bifurcation']
[256, 100, [135.0, -180.0, -0.0], 'Bifurcation']
[264, 99, [90.0, -180.0, -45.0], 'Bifurcation']
[39, 192, [-45.0], 'Termination']
[57, 169, [-45.0], 'Termination']
[59, 104, [-116.56505117707799], 'Termination']
[67, 129, [-45.0], 'Termination']
[72, 95, [-90.0], 'Termination']
[101, 201, [90.0], 'Termination']
[107, 244, [-116.56505117707799], 'Termination']
[107, 255, [-90.0], 'Termination']
[110, 86, [90.0], 'Termination']
[114, 184, [90.0], 'Termination']
[128, 238, [63.43494882292201], 'Termination']
[130, 155, [116.56505117707799], 'Termination']
[143, 117, [-63.43494882292201], 'Termination']
[151, 186, [63.43494882292201], 'Termination']
[177, 192, [63.43494882292201], 'Termination']
[202, 190, [-0.0], 'Termination']
[229, 277, [-153.434948822922], 'Termination']
[235, 229, [-0.0], 'Termination']
[237, 122, [-26.56505117707799], 'Termination']
[239, 273, [-153.434948822922], 'Termination']
[255, 110, [116.56505117707799], 'Termination']
[270, 244, [-153.434948822922], 'Termination']
[277, 163, [-0.0], 'Termination']
[310, 172, [-180.0], 'Termination']
[42, 142, [45.0, -180.0, -90.0], 'Bifurcation']
[57, 149, [90.0, -180.0, -0.0], 'Bifurcation']
[60, 103, [90.0, -0.0, -90.0], 'Bifurcation']
[63, 144, [-180.0, -0.0, -90.0], 'Bifurcation']
[63, 160, [-180.0, -0.0, -90.0], 'Bifurcation']
[69, 127, [90.0, -180.0, -45.0], 'Bifurcation']
[68, 134, [-180.0, -0.0, -90.0], 'Bifurcation']
[70, 120, [90.0, -0.0, -90.0], 'Bifurcation']
[70, 166, [90.0, -180.0, -45.0], 'Bifurcation']
[76, 146, [90.0, -180.0, -45.0], 'Bifurcation']
[76, 160, [90.0, -180.0, -90.0], 'Bifurcation']
[83, 165, [90.0, -0.0, -90.0], 'Bifurcation']
[86, 126, [90.0, -0.0, -90.0], 'Bifurcation']
[88, 93, [90.0, -0.0, -90.0], 'Bifurcation']
[88, 113, [90.0, -180.0, -90.0], 'Bifurcation']
[90, 171, [90.0, -180.0, -90.0], 'Bifurcation']
[91, 134, [90.0, -180.0, -90.0], 'Bifurcation']
[99, 138, [90.0, -0.0, -90.0], 'Bifurcation']
[100, 222, [90.0, -0.0, -90.0], 'Bifurcation']
[104, 224, [45.0, -180.0, -135.0], 'Bifurcation']
[107, 144, [90.0, -180.0, -90.0], 'Bifurcation']
[107, 225, [45.0, -180.0, -90.0], 'Bifurcation']
[109, 171, [90.0, -0.0, -90.0], 'Bifurcation']
[110, 161, [45.0, -0.0, -90.0], 'Bifurcation']
[110, 163, [135.0, -180.0, -0.0], 'Bifurcation']
[112, 260, [90.0, -180.0, -90.0], 'Bifurcation']
[117, 166, [45.0, -180.0, -90.0], 'Bifurcation']
[120, 166, [90.0, 45.0, -90.0], 'Bifurcation']
[125, 170, [90.0, -180.0, -90.0], 'Bifurcation']
[125, 226, [90.0, -180.0, -45.0], 'Bifurcation']
[130, 122, [90.0, -0.0, -90.0], 'Bifurcation']
[131, 180, [90.0, -90.0, -45.0], 'Bifurcation']
[132, 225, [-180.0, -0.0, -90.0], 'Bifurcation']
[135, 209, [90.0, -180.0, -45.0], 'Bifurcation']
[136, 108, [90.0, 45.0, -90.0], 'Bifurcation']
[135, 110, [135.0, -180.0, -45.0], 'Bifurcation']
[140, 265, [90.0, 45.0, -135.0], 'Bifurcation']
[139, 267, [135.0, -180.0, -45.0], 'Bifurcation']
[141, 209, [45.0, -180.0, -90.0], 'Bifurcation']
[142, 201, [135.0, 45.0, -90.0], 'Bifurcation']
[148, 87, [90.0, -0.0, -90.0], 'Bifurcation']
[149, 131, [90.0, -180.0, -90.0], 'Bifurcation']
[150, 96, [90.0, 45.0, -45.0], 'Bifurcation']
[149, 98, [135.0, -180.0, -45.0], 'Bifurcation']
[150, 253, [90.0, -0.0, -90.0], 'Bifurcation']
[153, 117, [90.0, -180.0, -45.0], 'Bifurcation']
[156, 93, [90.0, -180.0, -90.0], 'Bifurcation']
[157, 173, [-180.0, -0.0, -90.0], 'Bifurcation']
[159, 111, [90.0, -180.0, -45.0], 'Bifurcation']
[170, 181, [45.0, -180.0, -90.0], 'Bifurcation']
[174, 197, [90.0, -0.0, -135.0], 'Bifurcation']
[178, 128, [135.0, -0.0, -90.0], 'Bifurcation']
[179, 238, [90.0, -0.0, -135.0], 'Bifurcation']
[186, 106, [90.0, -180.0, -90.0], 'Bifurcation']
[187, 95, [90.0, -0.0, -90.0], 'Bifurcation']
[194, 112, [90.0, -180.0, -45.0], 'Bifurcation']
[227, 136, [45.0, -180.0, -135.0], 'Bifurcation']
[238, 96, [135.0, 45.0, -90.0], 'Bifurcation']
[240, 214, [90.0, -180.0, -45.0], 'Bifurcation']
[244, 157, [-180.0, -0.0, -90.0], 'Bifurcation']
[247, 160, [90.0, -180.0, -0.0], 'Bifurcation']
[249, 120, [-180.0, -0.0, -90.0], 'Bifurcation']
[251, 264, [45.0, -180.0, -90.0], 'Bifurcation']
[253, 264, [90.0, -0.0, -135.0], 'Bifurcation']
[255, 253, [135.0, 45.0, -90.0], 'Bifurcation']
[258, 249, [90.0, -180.0, -0.0], 'Bifurcation']
[258, 253, [90.0, -180.0, -0.0], 'Bifurcation']
[263, 159, [90.0, -180.0, -0.0], 'Bifurcation']
[267, 124, [90.0, -180.0, -45.0], 'Bifurcation']
[273, 114, [-180.0, -0.0, -90.0], 'Bifurcation']
[293, 233, [90.0, -0.0, -135.0], 'Bifurcation']
[43, 132, [26.56505117707799], 'Termination']
[43, 230, [-45.0], 'Termination']
[49, 165, [135.0], 'Termination']
[63, 201, [116.56505117707799], 'Termination']
[75, 187, [-63.43494882292201], 'Termination']
[86, 147, [-45.0], 'Termination']
[100, 278, [116.56505117707799], 'Termination']
[106, 129, [-90.0], 'Termination']
[110, 112, [-90.0], 'Termination']
[120, 219, [90.0], 'Termination']
[133, 126, [135.0], 'Termination']
[143, 283, [135.0], 'Termination']
[151, 175, [135.0], 'Termination']
[152, 101, [135.0], 'Termination']
[164, 137, [-90.0], 'Termination']
[170, 110, [135.0], 'Termination']
[171, 249, [45.0], 'Termination']
[173, 185, [-180.0], 'Termination']
[175, 91, [-90.0], 'Termination']
[175, 239, [-116.56505117707799], 'Termination']
[176, 101, [-63.43494882292201], 'Termination']
[194, 297, [90.0], 'Termination']
[196, 211, [26.56505117707799], 'Termination']
[222, 103, [-63.43494882292201], 'Termination']
[222, 207, [26.56505117707799], 'Termination']
[253, 147, [153.434948822922], 'Termination']
[288, 260, [-153.434948822922], 'Termination']
[290, 227, [-0.0], 'Termination']
[296, 182, [-0.0], 'Termination']
[55, 149, [-180.0, -0.0, -90.0], 'Bifurcation']
[67, 120, [45.0, -0.0, -135.0], 'Bifurcation']
[72, 107, [90.0, -0.0, -90.0], 'Bifurcation']
[77, 149, [-180.0, -0.0, -90.0], 'Bifurcation']
[83, 140, [-180.0, -0.0, -90.0], 'Bifurcation']
[89, 130, [135.0, -0.0, -135.0], 'Bifurcation']
[101, 116, [90.0, -180.0, -90.0], 'Bifurcation']
[113, 144, [-180.0, -135.0, -45.0], 'Bifurcation']
[116, 143, [90.0, 45.0, -45.0], 'Bifurcation']
[117, 134, [90.0, -0.0, -135.0], 'Bifurcation']
[117, 146, [90.0, -180.0, -90.0], 'Bifurcation']
[128, 275, [90.0, -180.0, -90.0], 'Bifurcation']
[140, 228, [45.0, -0.0, -90.0], 'Bifurcation']
[142, 228, [90.0, -0.0, -90.0], 'Bifurcation']
[149, 203, [45.0, -180.0, -90.0], 'Bifurcation']
[156, 115, [90.0, -180.0, -45.0], 'Bifurcation']
[173, 190, [135.0, -0.0, -135.0], 'Bifurcation']
[196, 106, [90.0, -180.0, -45.0], 'Bifurcation']
[198, 286, [90.0, 45.0, -135.0], 'Bifurcation']
[202, 98, [90.0, 45.0, -90.0], 'Bifurcation']
[201, 100, [135.0, -180.0, -45.0], 'Bifurcation']
[203, 112, [90.0, -180.0, -0.0], 'Bifurcation']
[208, 281, [45.0, -0.0, -90.0], 'Bifurcation']
[208, 283, [135.0, -180.0, -0.0], 'Bifurcation']
[213, 218, [45.0, -180.0, -45.0], 'Bifurcation']
[216, 220, [135.0, -0.0, -135.0], 'Bifurcation']
[218, 89, [45.0, -180.0, -90.0], 'Bifurcation']
[229, 145, [90.0, -180.0, -0.0], 'Bifurcation']
[240, 139, [45.0, -180.0, -90.0], 'Bifurcation']
[242, 117, [135.0, -0.0, -90.0], 'Bifurcation']
[253, 218, [90.0, -180.0, -45.0], 'Bifurcation']
[257, 118, [45.0, -180.0, -90.0], 'Bifurcation']
[265, 175, [90.0, -0.0, -135.0], 'Bifurcation']
[267, 263, [-180.0, -0.0, -90.0], 'Bifurcation']
[274, 109, [45.0, -180.0, -90.0], 'Bifurcation']
[277, 127, [90.0, -180.0, -45.0], 'Bifurcation']
[286, 141, [90.0, -0.0, -90.0], 'Bifurcation']
[39, 196, [-26.56505117707799], 'Termination']
[50, 180, [-26.56505117707799], 'Termination']
[55, 102, [-0.0], 'Termination']
[55, 136, [-0.0], 'Termination']
[61, 168, [153.434948822922], 'Termination']
[66, 100, [45.0], 'Termination']
[68, 144, [-180.0], 'Termination']
[76, 205, [135.0], 'Termination']
[77, 112, [-135.0], 'Termination']
[90, 191, [-45.0], 'Termination']
[94, 145, [-26.56505117707799], 'Termination']
[95, 95, [90.0], 'Termination']
[100, 133, [-45.0], 'Termination']
[116, 254, [-90.0], 'Termination']
[120, 268, [-90.0], 'Termination']
[125, 115, [-90.0], 'Termination']
[132, 222, [90.0], 'Termination']
[139, 118, [-90.0], 'Termination']
[147, 90, [-116.56505117707799], 'Termination']
[162, 176, [116.56505117707799], 'Termination']
[166, 95, [-90.0], 'Termination']
[166, 190, [90.0], 'Termination']
[178, 140, [-63.43494882292201], 'Termination']
[183, 207, [45.0], 'Termination']
[183, 296, [90.0], 'Termination']
[190, 104, [-63.43494882292201], 'Termination']
[194, 280, [-116.56505117707799], 'Termination']
[208, 214, [26.56505117707799], 'Termination']
[211, 102, [-63.43494882292201], 'Termination']
[222, 292, [-135.0], 'Termination']
[234, 210, [-0.0], 'Termination']
[236, 146, [-45.0], 'Termination']
[258, 283, [-180.0], 'Termination']
[262, 172, [-26.56505117707799], 'Termination']
[265, 93, [90.0], 'Termination']
[268, 254, [-0.0], 'Termination']
[283, 98, [-63.43494882292201], 'Termination']
[302, 108, [-26.56505117707799], 'Termination']
[310, 185, [-0.0], 'Termination']
[315, 117, [-0.0], 'Termination']
[72, 120, [90.0, -180.0, -0.0], 'Bifurcation']
[74, 152, [90.0, -180.0, -0.0], 'Bifurcation']
[76, 106, [90.0, -0.0, -90.0], 'Bifurcation']
[80, 146, [-180.0, -0.0, -90.0], 'Bifurcation']
[86, 165, [90.0, 45.0, -45.0], 'Bifurcation']
[86, 123, [90.0, -0.0, -90.0], 'Bifurcation']
[87, 130, [45.0, -90.0, -45.0], 'Bifurcation']
[88, 132, [-180.0, -0.0, -90.0], 'Bifurcation']
[89, 129, [45.0, -0.0, -135.0], 'Bifurcation']
[90, 131, [135.0, 45.0, -90.0], 'Bifurcation']
[92, 172, [90.0, -180.0, -45.0], 'Bifurcation']
[93, 162, [90.0, -180.0, -90.0], 'Bifurcation']
[93, 148, [90.0, -180.0, -0.0], 'Bifurcation']
[96, 131, [90.0, -180.0, -0.0], 'Bifurcation']
[99, 166, [90.0, -0.0, -90.0], 'Bifurcation']
[102, 129, [90.0, -0.0, -135.0], 'Bifurcation']
[104, 115, [90.0, -180.0, -90.0], 'Bifurcation']
[106, 172, [90.0, -135.0, -45.0], 'Bifurcation']
[109, 146, [135.0, -0.0, -90.0], 'Bifurcation']
[114, 140, [135.0, -90.0, -45.0], 'Bifurcation']
[115, 150, [90.0, -180.0, -90.0], 'Bifurcation']
[116, 142, [135.0, -0.0, -135.0], 'Bifurcation']
[118, 140, [90.0, 45.0, -45.0], 'Bifurcation']
[120, 267, [90.0, -0.0, -90.0], 'Bifurcation']
[121, 225, [90.0, -0.0, -90.0], 'Bifurcation']
[125, 227, [90.0, -180.0, -90.0], 'Bifurcation']
[126, 162, [90.0, 45.0, -45.0], 'Bifurcation']
[125, 164, [135.0, -180.0, -0.0], 'Bifurcation']
[126, 173, [90.0, -0.0, -90.0], 'Bifurcation']
[128, 190, [90.0, -90.0, -45.0], 'Bifurcation']
[130, 192, [135.0, -135.0, -45.0], 'Bifurcation']
[132, 190, [90.0, 45.0, -45.0], 'Bifurcation']
[134, 193, [90.0, -180.0, -90.0], 'Bifurcation']
[135, 167, [135.0, -0.0, -45.0], 'Bifurcation']
[137, 168, [90.0, 45.0, -90.0], 'Bifurcation']
[142, 137, [45.0, -0.0, -90.0], 'Bifurcation']
[142, 139, [135.0, -180.0, -45.0], 'Bifurcation']
[148, 210, [90.0, -0.0, -45.0], 'Bifurcation']
[145, 227, [90.0, -180.0, -0.0], 'Bifurcation']
[147, 182, [45.0, -180.0, -90.0], 'Bifurcation']
[150, 175, [90.0, -180.0, -90.0], 'Bifurcation']
[150, 182, [90.0, 45.0, -90.0], 'Bifurcation']
[152, 133, [45.0, -0.0, -90.0], 'Bifurcation']
[152, 135, [135.0, -180.0, -45.0], 'Bifurcation']
[152, 226, [135.0, -0.0, -90.0], 'Bifurcation']
[158, 202, [135.0, 45.0, -90.0], 'Bifurcation']
[159, 210, [135.0, -0.0, -90.0], 'Bifurcation']
[161, 271, [90.0, -0.0, -135.0], 'Bifurcation']
[168, 143, [90.0, -0.0, -90.0], 'Bifurcation']
[167, 255, [135.0, 45.0, -90.0], 'Bifurcation']
[187, 182, [45.0, -180.0, -90.0], 'Bifurcation']
[188, 199, [90.0, -180.0, -45.0], 'Bifurcation']
[188, 230, [90.0, -180.0, -90.0], 'Bifurcation']
[189, 238, [90.0, -135.0, -45.0], 'Bifurcation']
[193, 195, [90.0, -180.0, -0.0], 'Bifurcation']
[195, 230, [90.0, -0.0, -90.0], 'Bifurcation']
[197, 238, [90.0, -0.0, -90.0], 'Bifurcation']
[220, 121, [135.0, -0.0, -90.0], 'Bifurcation']
[232, 132, [135.0, -0.0, -90.0], 'Bifurcation']
[237, 107, [90.0, -180.0, -45.0], 'Bifurcation']
[246, 117, [90.0, -180.0, -90.0], 'Bifurcation']
[252, 265, [90.0, -0.0, -135.0], 'Bifurcation']
[273, 253, [-180.0, -0.0, -90.0], 'Bifurcation']
[276, 248, [90.0, -180.0, -0.0], 'Bifurcation']
[278, 236, [90.0, -180.0, -0.0], 'Bifurcation']
[42, 225, [-45.0], 'Termination']
[54, 180, [-45.0], 'Termination']
[63, 147, [26.56505117707799], 'Termination']
[66, 87, [63.43494882292201], 'Termination']
[66, 168, [135.0], 'Termination']
[81, 112, [-153.434948822922], 'Termination']
[81, 204, [116.56505117707799], 'Termination']
[92, 189, [-63.43494882292201], 'Termination']
[99, 94, [63.43494882292201], 'Termination']
[119, 145, [116.56505117707799], 'Termination']
[122, 131, [-90.0], 'Termination']
[126, 272, [116.56505117707799], 'Termination']
[138, 222, [116.56505117707799], 'Termination']
[141, 269, [-90.0], 'Termination']
[161, 185, [116.56505117707799], 'Termination']
[167, 175, [116.56505117707799], 'Termination']
[170, 146, [135.0], 'Termination']
[185, 94, [-116.56505117707799], 'Termination']
[189, 251, [63.43494882292201], 'Termination']
[190, 187, [-180.0], 'Termination']
[194, 122, [-90.0], 'Termination']
[195, 297, [90.0], 'Termination']
[213, 213, [45.0], 'Termination']
[235, 133, [116.56505117707799], 'Termination']
[240, 208, [26.56505117707799], 'Termination']
[245, 141, [-45.0], 'Termination']
[260, 103, [90.0], 'Termination']
[260, 216, [-0.0], 'Termination']
[267, 267, [-153.434948822922], 'Termination']
[275, 239, [-180.0], 'Termination']
[282, 250, [-153.434948822922], 'Termination']
[292, 250, [-180.0], 'Termination']
[301, 245, [-180.0], 'Termination']
[308, 225, [-135.0], 'Termination']
[315, 212, [-180.0], 'Termination']
[322, 200, [-180.0], 'Termination']