[122, 176, [90.0, -0.0, -135.0], 'Bifurcation']
[133, 143, [-180.0, -0.0, -90.0], 'Bifurcation']
[134, 171, [90.0, -180.0, -45.0], 'Bifurcation']
[185, 170, [90.0, -0.0, -90.0], 'Bifurcation']
[194, 155, [-180.0, -0.0, -90.0], 'Bifurcation']
[199, 124, [135.0, -0.0, -90.0], 'Bifurcation']
[203, 180, [45.0, -180.0, -90.0], 'Bifurcation']
[226, 214, [135.0, -180.0, -0.0], 'Bifurcation']
[229, 179, [135.0, -0.0, -90.0], 'Bifurcation']
[232, 237, [135.0, -0.0, -90.0], 'Bifurcation']
[239, 215, [135.0, -0.0, -90.0], 'Bifurcation']
[242, 140, [90.0, -180.0, -90.0], 'Bifurcation']
[249, 177, [45.0, -180.0, -45.0], 'Bifurcation']
[301, 151, [135.0, 45.0, -90.0], 'Bifurcation']
[316, 41, [90.0, 45.0, -135.0], 'Bifurcation']
[315, 43, [135.0, -180.0, -45.0], 'Bifurcation']
[41, 204, [153.434948822922], 'Termination']
[48, 212, [-180.0], 'Termination']
[52, 202, [-26.56505117707799], 'Termination']
[55, 152, [-0.0], 'Termination']
[58, 220, [153.434948822922], 'Termination']
[59, 107, [26.56505117707799], 'Termination']
[60, 191, [-26.56505117707799], 'Termination']
[61, 281, [90.0], 'Termination']
[75, 154, [-0.0], 'Termination']
[76, 72, [-116.56505117707799], 'Termination']
[79, 211, [-45.0], 'Termination']
[89, 129, [-0.0], 'Termination']
[101, 288, [-90.0], 'Termination']
[116, 243, [90.0], 'Termination']
[149, 287, [116.56505117707799], 'Termination']
[153, 230, [90.0], 'Termination']
[158, 108, [-45.0], 'Termination']
[164, 248, [-90.0], 'Termination']
[173, 178, [135.0], 'Termination']
[173, 200, [116.56505117707799], 'Termination']
[183, 296, [-90.0], 'Termination']
[187, 89, [-63.43494882292201], 'Termination']
[187, 153, [116.56505117707799], 'Termination']
[189, 224, [90.0], 'Termination']
[197, 251, [-116.56505117707799], 'Termination']
[202, 75, [-63.43494882292201], 'Termination']
[202, 157, [116.56505117707799], 'Termination']
[222, 171, [135.0], 'Termination']
[226, 79, [-63.43494882292201], 'Termination']
[231, 299, [90.0], 'Termination']
[234, 182, [45.0], 'Termination']
[238, 79, [-45.0], 'Termination']
[241, 137, [-26.56505117707799], 'Termination']
[251, 81, [-45.0], 'Termination']
[261, 141, [153.434948822922], 'Termination']
[263, 83, [-63.43494882292201], 'Termination']
[264, 186, [26.56505117707799], 'Termination']
[268, 99, [-45.0], 'Termination']
[273, 241, [-116.56505117707799], 'Termination']
[278, 86, [-45.0], 'Termination']
[286, 99, [116.56505117707799], 'Termination']
[295, 232, [-135.0], 'Termination']
[296, 186, [-0.0], 'Termination']
[297, 126, [135.0], 'Termination']
[298, 97, [-45.0], 'Termination']
[318, 44, [90.0], 'Termination']
[319, 274, [-90.0], 'Termination']
[328, 191, [-180.0], 'Termination']
[329, 158, [-180.0], 'Termination']
[89, 180, [45.0, -180.0, -90.0], 'Bifurcation']
[108, 152, [90.0, -180.0, -90.0], 'Bifurcation']
[152, 242, [135.0, -0.0, -90.0], 'Bifurcation']
[177, 180, [90.0, -0.0, -90.0], 'Bifurcation']
[189, 148, [-180.0, -0.0, -90.0], 'Bifurcation']
[190, 177, [90.0, -180.0, -90.0], 'Bifurcation']
[230, 147, [90.0, -0.0, -90.0], 'Bifurcation']
[256, 132, [90.0, -0.0, -90.0], 'Bifurcation']
[259, 190, [45.0, -180.0, -90.0], 'Bifurcation']
[262, 171, [45.0, -180.0, -45.0], 'Bifurcation']
[287, 189, [90.0, -0.0, -90.0], 'Bifurcation']
[295, 191, [45.0, -180.0, -45.0], 'Bifurcation']
[314, 42, [90.0, -180.0, -45.0], 'Bifurcation']
[59, 203, [-180.0], 'Termination']
[61, 281, [116.56505117707799], 'Termination']
[73, 131, [-0.0], 'Termination']
[81, 170, [-0.0], 'Termination']
[87, 112, [26.56505117707799], 'Termination']
[98, 108, [26.56505117707799], 'Termination']
[104, 222, [-0.0], 'Termination']
[108, 201, [-0.0], 'Termination']
[109, 120, [-0.0], 'Termination']
[115, 220, [-26.56505117707799], 'Termination']
[116, 192, [-26.56505117707799], 'Termination']
[131, 211, [-26.56505117707799], 'Termination']
[132, 157, [-0.0], 'Termination']
[133, 229, [-45.0], 'Termination']
[136, 287, [-90.0], 'Termination']
[137, 62, [26.56505117707799], 'Termination']
[146, 134, [-26.56505117707799], 'Termination']
[149, 286, [90.0], 'Termination']
[173, 260, [116.56505117707799], 'Termination']
[183, 295, [-63.43494882292201], 'Termination']
[204, 239, [116.56505117707799], 'Termination']
[214, 114, [-45.0], 'Termination']
[227, 185, [135.0], 'Termination']
[227, 209, [116.56505117707799], 'Termination']
[229, 299, [90.0], 'Termination']
[238, 235, [116.56505117707799], 'Termination']
[240, 145, [116.56505117707799], 'Termination']
[240, 276, [-63.43494882292201], 'Termination']
[258, 99, [-63.43494882292201], 'Termination']
[266, 299, [-90.0], 'Termination']
[274, 100, [-63.43494882292201], 'Termination']
[278, 181, [135.0], 'Termination']
[293, 105, [-63.43494882292201], 'Termination']
[307, 109, [-63.43494882292201], 'Termination']
[308, 192, [-0.0], 'Termination']
[318, 152, [153.434948822922], 'Termination']
[320, 45, [90.0], 'Termination']
[320, 200, [26.56505117707799], 'Termination']
[329, 121, [-45.0], 'Termination']
[78, 168, [45.0, -180.0, -45.0], 'Bifurcation']
[89, 183, [45.0, -180.0, -90.0], 'Bifurcation']
[90, 232, [45.0, -180.0, -0.0], 'Bifurcation']
[108, 154, [45.0, -180.0, -90.0], 'Bifurcation']
[149, 131, [45.0, -180.0, -90.0], 'Bifurcation']
[154, 245, [90.0, -0.0, -90.0], 'Bifurcation']
[173, 264, [45.0, -180.0, -90.0], 'Bifurcation']
[178, 185, [135.0, -0.0, -135.0], 'Bifurcation']
[190, 181, [90.0, -180.0, -90.0], 'Bifurcation']
[206, 246, [45.0, -180.0, -90.0], 'Bifurcation']
[217, 115, [-180.0, -0.0, -90.0], 'Bifurcation']
[230, 152, [90.0, -0.0, -90.0], 'Bifurcation']
[231, 190, [90.0, -180.0, -90.0], 'Bifurcation']
[240, 184, [90.0, -0.0, -90.0], 'Bifurcation']
[241, 186, [135.0, -0.0, -135.0], 'Bifurcation']
[242, 184, [90.0, -0.0, -90.0], 'Bifurcation']
[257, 138, [135.0, -0.0, -90.0], 'Bifurcation']
[258, 196, [90.0, -180.0, -90.0], 'Bifurcation']
[262, 178, [90.0, -180.0, -90.0], 'Bifurcation']
[286, 194, [90.0, -180.0, -45.0], 'Bifurcation']
[294, 198, [45.0, -180.0, -45.0], 'Bifurcation']
[304, 197, [-180.0, -0.0, -90.0], 'Bifurcation']
[61, 281, [90.0], 'Termination']
[69, 211, [153.434948822922], 'Termination']
[86, 129, [26.56505117707799], 'Termination']
[97, 119, [26.56505117707799], 'Termination']
[102, 288, [-63.43494882292201], 'Termination']
[105, 226, [-0.0], 'Termination']
[107, 112, [26.56505117707799], 'Termination']
[108, 206, [-0.0], 'Termination']
[110, 123, [-0.0], 'Termination']
[116, 195, [-0.0], 'Termination']
[116, 224, [-26.56505117707799], 'Termination']
[118, 108, [26.56505117707799], 'Termination']
[129, 259, [153.434948822922], 'Termination']
[131, 214, [-26.56505117707799], 'Termination']
[132, 159, [-0.0], 'Termination']
[135, 233, [-45.0], 'Termination']
[148, 287, [116.56505117707799], 'Termination']
[183, 296, [-90.0], 'Termination']
[189, 154, [-26.56505117707799], 'Termination']
[191, 278, [-90.0], 'Termination']
[226, 212, [116.56505117707799], 'Termination']
[229, 299, [90.0], 'Termination']
[232, 94, [-26.56505117707799], 'Termination']
[235, 271, [90.0], 'Termination']
[237, 148, [116.56505117707799], 'Termination']
[241, 239, [90.0], 'Termination']
[244, 300, [-90.0], 'Termination']
[256, 94, [-90.0], 'Termination']
[261, 284, [-90.0], 'Termination']
[277, 97, [-63.43494882292201], 'Termination']
[278, 188, [135.0], 'Termination']
[294, 281, [-90.0], 'Termination']
[295, 101, [-63.43494882292201], 'Termination']
[295, 264, [-116.56505117707799], 'Termination']
[309, 104, [-26.56505117707799], 'Termination']
[313, 42, [116.56505117707799], 'Termination']
[315, 297, [90.0], 'Termination']
[319, 159, [153.434948822922], 'Termination']
[319, 207, [-0.0], 'Termination']
[321, 107, [-63.43494882292201], 'Termination']
[335, 242, [45.0], 'Termination']
[101, 150, [90.0, -0.0, -135.0], 'Bifurcation']
[111, 161, [90.0, -180.0, -45.0], 'Bifurcation']
[122, 177, [45.0, -180.0, -90.0], 'Bifurcation']
[141, 150, [45.0, -180.0, -90.0], 'Bifurcation']
[181, 127, [-180.0, -0.0, -90.0], 'Bifurcation']
[183, 93, [90.0, -180.0, -45.0], 'Bifurcation']
[185, 239, [135.0, -0.0, -90.0], 'Bifurcation']
[208, 179, [-180.0, -0.0, -90.0], 'Bifurcation']
[222, 147, [-180.0, -0.0, -90.0], 'Bifurcation']
[223, 176, [90.0, -180.0, -45.0], 'Bifurcation']
[247, 109, [-180.0, -0.0, -90.0], 'Bifurcation']
[262, 146, [90.0, -0.0, -90.0], 'Bifurcation']
[264, 185, [90.0, -180.0, -90.0], 'Bifurcation']
[272, 178, [90.0, -0.0, -90.0], 'Bifurcation']
[289, 132, [90.0, -0.0, -90.0], 'Bifurcation']
[291, 190, [45.0, -180.0, -90.0], 'Bifurcation']
[295, 172, [90.0, -180.0, -90.0], 'Bifurcation']
[329, 191, [90.0, -180.0, -0.0], 'Bifurcation']
[54, 92, [-0.0], 'Termination']
[57, 158, [-153.434948822922], 'Termination']
[61, 127, [45.0], 'Termination']
[61, 281, [90.0], 'Termination']
[64, 89, [-0.0], 'Termination']
[72, 113, [-0.0], 'Termination']
[78, 72, [-153.434948822922], 'Termination']
[79, 171, [-180.0], 'Termination']
[80, 218, [-180.0], 'Termination']
[81, 161, [-0.0], 'Termination']
[88, 211, [-153.434948822922], 'Termination']
[102, 101, [26.56505117707799], 'Termination']
[116, 83, [26.56505117707799], 'Termination']
[121, 244, [153.434948822922], 'Termination']
[121, 259, [-0.0], 'Termination']
[130, 237, [-180.0], 'Termination']
[137, 218, [26.56505117707799], 'Termination']
[137, 287, [-90.0], 'Termination']
[140, 199, [-0.0], 'Termination']
[140, 238, [153.434948822922], 'Termination']
[143, 120, [-0.0], 'Termination']
[147, 216, [-26.56505117707799], 'Termination']
[149, 189, [-0.0], 'Termination']
[149, 287, [116.56505117707799], 'Termination']
[164, 209, [-26.56505117707799], 'Termination']
[165, 154, [-0.0], 'Termination']
[165, 295, [90.0], 'Termination']
[166, 226, [-45.0], 'Termination']
[183, 296, [-90.0], 'Termination']
[194, 252, [135.0], 'Termination']
[205, 92, [-0.0], 'Termination']
[229, 299, [90.0], 'Termination']
[237, 237, [90.0], 'Termination']
[242, 300, [-90.0], 'Termination']
[259, 208, [116.56505117707799], 'Termination']
[267, 141, [116.56505117707799], 'Termination']
[274, 235, [116.56505117707799], 'Termination']
[275, 95, [-63.43494882292201], 'Termination']
[284, 71, [-63.43494882292201], 'Termination']
[311, 181, [135.0], 'Termination']
[313, 78, [-45.0], 'Termination']
[318, 45, [116.56505117707799], 'Termination']
[328, 81, [-63.43494882292201], 'Termination']
[335, 235, [63.43494882292201], 'Termination']
[89, 177, [45.0, -180.0, -90.0], 'Bifurcation']
[101, 193, [45.0, -180.0, -45.0], 'Bifurcation']
[119, 165, [45.0, -180.0, -90.0], 'Bifurcation']
[159, 143, [45.0, -180.0, -90.0], 'Bifurcation']
[161, 108, [90.0, -180.0, -45.0], 'Bifurcation']
[165, 256, [135.0, -0.0, -90.0], 'Bifurcation']
[188, 194, [90.0, -0.0, -90.0], 'Bifurcation']
[200, 162, [45.0, -180.0, -90.0], 'Bifurcation']
[202, 192, [90.0, -180.0, -45.0], 'Bifurcation']
[211, 85, [-180.0, -0.0, -90.0], 'Bifurcation']
[225, 125, [-180.0, -0.0, -90.0], 'Bifurcation']
[242, 200, [90.0, -180.0, -90.0], 'Bifurcation']
[243, 179, [90.0, -180.0, -90.0], 'Bifurcation']
[247, 191, [90.0, -0.0, -90.0], 'Bifurcation']
[266, 146, [90.0, -0.0, -90.0], 'Bifurcation']
[270, 205, [90.0, -180.0, -90.0], 'Bifurcation']
[298, 201, [90.0, -180.0, -0.0], 'Bifurcation']
[305, 205, [90.0, -180.0, -45.0], 'Bifurcation']
[309, 165, [90.0, -180.0, -90.0], 'Bifurcation']
[315, 203, [-180.0, -0.0, -90.0], 'Bifurcation']
[58, 214, [-153.434948822922], 'Termination']
[61, 281, [90.0], 'Termination']
[68, 226, [-180.0], 'Termination']
[79, 120, [26.56505117707799], 'Termination']
[91, 108, [-0.0], 'Termination']
[116, 235, [-0.0], 'Termination']
[119, 215, [-0.0], 'Termination']
[121, 136, [26.56505117707799], 'Termination']
[127, 234, [-0.0], 'Termination']
[128, 207, [-0.0], 'Termination']
[142, 224, [-26.56505117707799], 'Termination']
[143, 171, [-0.0], 'Termination']
[146, 243, [-26.56505117707799], 'Termination']
[155, 266, [135.0], 'Termination']
[158, 294, [116.56505117707799], 'Termination']
[167, 270, [135.0], 'Termination']
[180, 270, [90.0], 'Termination']
[183, 108, [-0.0], 'Termination']
[185, 297, [-90.0], 'Termination']
[215, 252, [116.56505117707799], 'Termination']
[230, 277, [-90.0], 'Termination']
[238, 223, [135.0], 'Termination']
[240, 179, [-90.0], 'Termination']
[250, 159, [116.56505117707799], 'Termination']
[252, 248, [90.0], 'Termination']
[255, 111, [-45.0], 'Termination']
[268, 281, [-116.56505117707799], 'Termination']
[269, 80, [-63.43494882292201], 'Termination']
[287, 83, [-63.43494882292201], 'Termination']
[288, 195, [135.0], 'Termination']
[304, 86, [-63.43494882292201], 'Termination']
[316, 44, [116.56505117707799], 'Termination']
[316, 273, [-90.0], 'Termination']
[318, 88, [-45.0], 'Termination']
[329, 166, [135.0], 'Termination']
[330, 213, [-0.0], 'Termination']
[95, 97, [90.0, -180.0, -90.0], 'Bifurcation']
[120, 91, [45.0, -180.0, -90.0], 'Bifurcation']
[123, 182, [90.0, -0.0, -90.0], 'Bifurcation']
[134, 150, [-180.0, -0.0, -90.0], 'Bifurcation']
[135, 178, [90.0, -180.0, -45.0], 'Bifurcation']
[175, 148, [90.0, -0.0, -90.0], 'Bifurcation']
[184, 179, [90.0, -0.0, -90.0], 'Bifurcation']
[192, 237, [45.0, -180.0, -90.0], 'Bifurcation']
[196, 164, [135.0, -0.0, -90.0], 'Bifurcation']
[202, 133, [90.0, 45.0, -45.0], 'Bifurcation']
[201, 135, [135.0, -180.0, -0.0], 'Bifurcation']
[203, 190, [45.0, -180.0, -90.0], 'Bifurcation']
[230, 189, [90.0, -0.0, -90.0], 'Bifurcation']
[239, 192, [90.0, -180.0, -0.0], 'Bifurcation']
[248, 188, [-180.0, -0.0, -90.0], 'Bifurcation']
[290, 111, [90.0, -180.0, -45.0], 'Bifurcation']
[300, 164, [-180.0, -0.0, -90.0], 'Bifurcation']
[315, 42, [90.0, -180.0, -0.0], 'Bifurcation']
[45, 233, [153.434948822922], 'Termination']
[50, 76, [45.0], 'Termination']
[51, 223, [-0.0], 'Termination']
[54, 204, [-0.0], 'Termination']
[55, 125, [26.56505117707799], 'Termination']
[57, 157, [-0.0], 'Termination']
[61, 281, [90.0], 'Termination']
[62, 194, [-0.0], 'Termination']
[62, 222, [-26.56505117707799], 'Termination']
[64, 91, [26.56505117707799], 'Termination']
[77, 71, [-135.0], 'Termination']
[77, 159, [-0.0], 'Termination']
[77, 212, [-26.56505117707799], 'Termination']
[82, 231, [-26.56505117707799], 'Termination']
[92, 135, [-0.0], 'Termination']
[118, 71, [-0.0], 'Termination']
[118, 264, [-26.56505117707799], 'Termination']
[118, 274, [-180.0], 'Termination']
[124, 252, [90.0], 'Termination']
[136, 287, [-90.0], 'Termination']
[140, 249, [116.56505117707799], 'Termination']
[149, 286, [90.0], 'Termination']
[153, 238, [116.56505117707799], 'Termination']
[160, 116, [-45.0], 'Termination']
[172, 185, [135.0], 'Termination']
[172, 208, [116.56505117707799], 'Termination']
[181, 295, [-63.43494882292201], 'Termination']
[183, 146, [135.0], 'Termination']
[189, 164, [135.0], 'Termination']
[190, 99, [-63.43494882292201], 'Termination']
[199, 254, [-116.56505117707799], 'Termination']
[204, 168, [135.0], 'Termination']
[222, 181, [116.56505117707799], 'Termination']
[234, 86, [-63.43494882292201], 'Termination']
[247, 88, [-63.43494882292201], 'Termination']
[257, 88, [-45.0], 'Termination']
[260, 151, [135.0], 'Termination']
[262, 247, [-116.56505117707799], 'Termination']
[263, 197, [-0.0], 'Termination']
[266, 299, [-90.0], 'Termination']
[278, 97, [-45.0], 'Termination']
[281, 240, [-116.56505117707799], 'Termination']
[296, 201, [-0.0], 'Termination']
[298, 140, [153.434948822922], 'Termination']
[302, 113, [-26.56505117707799], 'Termination']
[304, 224, [-153.434948822922], 'Termination']
[317, 133, [135.0], 'Termination']
[319, 150, [153.434948822922], 'Termination']
[320, 45, [90.0], 'Termination']
[320, 166, [153.434948822922], 'Termination']
[320, 185, [153.434948822922], 'Termination']
[66, 141, [45.0, -180.0, -45.0], 'Bifurcation']
[108, 85, [90.0, -180.0, -45.0], 'Bifurcation']
[113, 232, [135.0, -0.0, -90.0], 'Bifurcation']
[136, 172, [90.0, -0.0, -90.0], 'Bifurcation']
[147, 140, [-180.0, -0.0, -90.0], 'Bifurcation']
[148, 168, [90.0, -180.0, -45.0], 'Bifurcation']
[173, 103, [-180.0, -0.0, -90.0], 'Bifurcation']
[190, 177, [90.0, -180.0, -45.0], 'Bifurcation']
[196, 170, [90.0, -0.0, -90.0], 'Bifurcation']
[199, 136, [90.0, -180.0, -45.0], 'Bifurcation']
[200, 84, [135.0, -0.0, -90.0], 'Bifurcation']
[213, 125, [90.0, -0.0, -90.0], 'Bifurcation']
[216, 183, [90.0, -180.0, -90.0], 'Bifurcation']
[221, 166, [90.0, -180.0, -90.0], 'Bifurcation']
[243, 180, [90.0, -180.0, -45.0], 'Bifurcation']
[252, 185, [90.0, -180.0, -0.0], 'Bifurcation']
[261, 182, [-180.0, -0.0, -90.0], 'Bifurcation']
[304, 103, [90.0, -180.0, -45.0], 'Bifurcation']
[329, 213, [90.0, -180.0, -0.0], 'Bifurcation']
[45, 173, [-0.0], 'Termination']
[47, 97, [26.56505117707799], 'Termination']
[58, 90, [26.56505117707799], 'Termination']
[58, 229, [-180.0], 'Termination']
[60, 281, [90.0], 'Termination']
[64, 214, [-0.0], 'Termination']
[67, 194, [-0.0], 'Termination']
[68, 113, [26.56505117707799], 'Termination']
[68, 230, [153.434948822922], 'Termination']
[75, 184, [-0.0], 'Termination']
[75, 212, [-26.56505117707799], 'Termination']
[89, 201, [-45.0], 'Termination']
[90, 148, [-0.0], 'Termination']
[94, 220, [-45.0], 'Termination']
[105, 124, [-0.0], 'Termination']
[107, 289, [90.0], 'Termination']
[126, 252, [116.56505117707799], 'Termination']
[131, 87, [-0.0], 'Termination']
[165, 230, [135.0], 'Termination']
[185, 200, [116.56505117707799], 'Termination']
[211, 64, [-63.43494882292201], 'Termination']
[229, 66, [-63.43494882292201], 'Termination']
[235, 174, [135.0], 'Termination']
[246, 68, [-63.43494882292201], 'Termination']
[258, 69, [-63.43494882292201], 'Termination']
[271, 72, [-63.43494882292201], 'Termination']
[274, 145, [153.434948822922], 'Termination']
[276, 192, [26.56505117707799], 'Termination']
[280, 102, [-45.0], 'Termination']
[280, 255, [-116.56505117707799], 'Termination']
[282, 73, [-63.43494882292201], 'Termination']
[300, 78, [-45.0], 'Termination']
[307, 246, [-135.0], 'Termination']
[310, 193, [-0.0], 'Termination']
[311, 130, [135.0], 'Termination']
[315, 43, [90.0], 'Termination']
[317, 84, [-45.0], 'Termination']
[319, 274, [-116.56505117707799], 'Termination']
[320, 157, [-26.56505117707799], 'Termination']
[329, 233, [-153.434948822922], 'Termination']
[333, 95, [-63.43494882292201], 'Termination']
[69, 106, [-180.0, -0.0, -90.0], 'Bifurcation']
[70, 218, [135.0, -0.0, -90.0], 'Bifurcation']
[96, 160, [135.0, -0.0, -90.0], 'Bifurcation']
[109, 157, [90.0, -180.0, -45.0], 'Bifurcation']
[109, 128, [-180.0, -0.0, -90.0], 'Bifurcation']
[137, 93, [45.0, -180.0, -90.0], 'Bifurcation']
[149, 169, [90.0, -180.0, -90.0], 'Bifurcation']
[150, 130, [90.0, 45.0, -90.0], 'Bifurcation']
[149, 132, [135.0, -180.0, -0.0], 'Bifurcation']
[156, 162, [135.0, -0.0, -90.0], 'Bifurcation']
[160, 166, [45.0, -0.0, -135.0], 'Bifurcation']
[161, 128, [90.0, -180.0, -45.0], 'Bifurcation']
[175, 117, [90.0, -0.0, -90.0], 'Bifurcation']
[178, 176, [45.0, -180.0, -90.0], 'Bifurcation']
[181, 159, [90.0, -180.0, -90.0], 'Bifurcation']
[202, 174, [90.0, -180.0, -90.0], 'Bifurcation']
[216, 138, [90.0, -180.0, -45.0], 'Bifurcation']
[221, 178, [45.0, -180.0, -45.0], 'Bifurcation']
[272, 132, [90.0, -180.0, -0.0], 'Bifurcation']
[284, 212, [90.0, -180.0, -0.0], 'Bifurcation']
[43, 228, [-180.0], 'Termination']
[47, 218, [-26.56505117707799], 'Termination']
[49, 187, [-26.56505117707799], 'Termination']
[51, 133, [-0.0], 'Termination']
[52, 205, [-26.56505117707799], 'Termination']
[60, 281, [90.0], 'Termination']
[86, 234, [116.56505117707799], 'Termination']
[107, 289, [90.0], 'Termination']
[120, 217, [90.0], 'Termination']
[138, 287, [-90.0], 'Termination']
[141, 254, [-90.0], 'Termination']
[143, 191, [135.0], 'Termination']
[149, 287, [116.56505117707799], 'Termination']
[150, 248, [90.0], 'Termination']
[154, 222, [116.56505117707799], 'Termination']
[164, 79, [-45.0], 'Termination']
[164, 257, [-90.0], 'Termination']
[171, 63, [-63.43494882292201], 'Termination']
[182, 295, [-63.43494882292201], 'Termination']
[190, 66, [-63.43494882292201], 'Termination']
[191, 257, [-90.0], 'Termination']
[195, 167, [116.56505117707799], 'Termination']
[205, 68, [-63.43494882292201], 'Termination']
[207, 180, [45.0], 'Termination']
[211, 257, [-90.0], 'Termination']
[219, 70, [-45.0], 'Termination']
[230, 299, [90.0], 'Termination']
[231, 72, [-45.0], 'Termination']
[234, 187, [-0.0], 'Termination']
[235, 141, [153.434948822922], 'Termination']
[242, 74, [-45.0], 'Termination']
[243, 98, [-45.0], 'Termination']
[259, 81, [-45.0], 'Termination']
[262, 99, [116.56505117707799], 'Termination']
[262, 242, [-135.0], 'Termination']
[268, 190, [26.56505117707799], 'Termination']
[272, 85, [-45.0], 'Termination']
[277, 154, [-45.0], 'Termination']
[284, 189, [-180.0], 'Termination']
[290, 218, [-153.434948822922], 'Termination']
[296, 43, [-90.0], 'Termination']
[304, 129, [-180.0], 'Termination']
[307, 180, [153.434948822922], 'Termination']
[311, 164, [-180.0], 'Termination']
[320, 45, [90.0], 'Termination']
[56, 281, [45.0, -0.0, -90.0], 'Bifurcation']
[56, 283, [135.0, -180.0, -45.0], 'Bifurcation']
[76, 123, [90.0, -180.0, -45.0], 'Bifurcation']
[104, 210, [90.0, -0.0, -90.0], 'Bifurcation']
[115, 178, [-180.0, -0.0, -90.0], 'Bifurcation']
[116, 207, [90.0, -180.0, -90.0], 'Bifurcation']
[141, 140, [45.0, -180.0, -90.0], 'Bifurcation']
[154, 176, [90.0, -0.0, -90.0], 'Bifurcation']
[158, 215, [90.0, -180.0, -45.0], 'Bifurcation']
[162, 207, [135.0, -90.0, -45.0], 'Bifurcation']
[164, 209, [135.0, -0.0, -135.0], 'Bifurcation']
[166, 207, [90.0, 45.0, -45.0], 'Bifurcation']
[168, 175, [90.0, -180.0, -90.0], 'Bifurcation']
[181, 162, [90.0, -0.0, -90.0], 'Bifurcation']
[182, 221, [135.0, -135.0, -90.0], 'Bifurcation']
[184, 219, [45.0, -180.0, -45.0], 'Bifurcation']
[186, 221, [135.0, 90.0, -90.0], 'Bifurcation']
[189, 203, [90.0, -180.0, -90.0], 'Bifurcation']
[211, 218, [90.0, -180.0, -0.0], 'Bifurcation']
[219, 222, [90.0, -180.0, -45.0], 'Bifurcation']
[223, 180, [90.0, -180.0, -45.0], 'Bifurcation']
[229, 219, [45.0, -180.0, -90.0], 'Bifurcation']
[282, 189, [135.0, -0.0, -90.0], 'Bifurcation']
[293, 229, [135.0, -0.0, -135.0], 'Bifurcation']
[314, 42, [90.0, -180.0, -45.0], 'Bifurcation']
[43, 222, [-26.56505117707799], 'Termination']
[52, 264, [153.434948822922], 'Termination']
[57, 185, [-0.0], 'Termination']
[57, 239, [-45.0], 'Termination']
[60, 281, [90.0], 'Termination']
[72, 161, [-0.0], 'Termination']
[96, 277, [135.0], 'Termination']
[98, 123, [-0.0], 'Termination']
[100, 288, [-90.0], 'Termination']
[121, 277, [116.56505117707799], 'Termination']
[136, 287, [-90.0], 'Termination']
[149, 287, [116.56505117707799], 'Termination']
[153, 238, [116.56505117707799], 'Termination']
[168, 125, [-45.0], 'Termination']
[170, 264, [90.0], 'Termination']
[178, 284, [-90.0], 'Termination']
[182, 295, [-63.43494882292201], 'Termination']
[190, 98, [-63.43494882292201], 'Termination']
[203, 211, [116.56505117707799], 'Termination']
[206, 100, [-63.43494882292201], 'Termination']
[209, 165, [-45.0], 'Termination']
[220, 101, [-63.43494882292201], 'Termination']
[229, 299, [63.43494882292201], 'Termination']
[230, 101, [-63.43494882292201], 'Termination']
[242, 181, [153.434948822922], 'Termination']
[245, 228, [26.56505117707799], 'Termination']
[246, 106, [-63.43494882292201], 'Termination']
[248, 136, [-26.56505117707799], 'Termination']
[260, 108, [-63.43494882292201], 'Termination']
[265, 273, [-116.56505117707799], 'Termination']
[266, 137, [135.0], 'Termination']
[274, 169, [135.0], 'Termination']
[278, 227, [-0.0], 'Termination']
[282, 117, [-45.0], 'Termination']
[307, 243, [-180.0], 'Termination']
[314, 155, [135.0], 'Termination']
[317, 214, [-180.0], 'Termination']
[318, 45, [116.56505117707799], 'Termination']
[318, 188, [153.434948822922], 'Termination']
[319, 172, [135.0], 'Termination']
[60, 178, [90.0, -0.0, -90.0], 'Bifurcation']
[72, 146, [-180.0, -0.0, -90.0], 'Bifurcation']
[73, 175, [90.0, -180.0, -90.0], 'Bifurcation']
[98, 109, [-180.0, -0.0, -90.0], 'Bifurcation']
[115, 185, [90.0, -180.0, -90.0], 'Bifurcation']
[120, 176, [90.0, -0.0, -90.0], 'Bifurcation']
[125, 144, [90.0, -180.0, -90.0], 'Bifurcation']
[127, 236, [45.0, -180.0, -90.0], 'Bifurcation']
[138, 131, [90.0, -0.0, -90.0], 'Bifurcation']
[143, 190, [45.0, -180.0, -90.0], 'Bifurcation']
[147, 173, [90.0, -180.0, -90.0], 'Bifurcation']
[168, 186, [90.0, -180.0, -0.0], 'Bifurcation']
[176, 191, [90.0, -180.0, -0.0], 'Bifurcation']
[180, 150, [90.0, -180.0, -45.0], 'Bifurcation']
[185, 188, [-180.0, -0.0, -90.0], 'Bifurcation']
[234, 142, [90.0, -180.0, -0.0], 'Bifurcation']
[249, 221, [45.0, -180.0, -45.0], 'Bifurcation']
[40, 203, [-45.0], 'Termination']
[41, 271, [135.0], 'Termination']
[42, 254, [116.56505117707799], 'Termination']
[48, 281, [-90.0], 'Termination']
[53, 253, [90.0], 'Termination']
[55, 92, [-0.0], 'Termination']
[62, 281, [90.0], 'Termination']
[63, 257, [-90.0], 'Termination']
[87, 235, [116.56505117707799], 'Termination']
[107, 289, [90.0], 'Termination']
[109, 206, [116.56505117707799], 'Termination']
[113, 144, [-63.43494882292201], 'Termination']
[120, 66, [-45.0], 'Termination']
[127, 95, [-45.0], 'Termination']
[131, 266, [-116.56505117707799], 'Termination']
[132, 66, [-45.0], 'Termination']
[142, 270, [-90.0], 'Termination']
[147, 67, [-63.43494882292201], 'Termination']
[160, 181, [135.0], 'Termination']
[163, 69, [-63.43494882292201], 'Termination']
[168, 269, [-116.56505117707799], 'Termination']
[177, 71, [-63.43494882292201], 'Termination']
[179, 255, [-116.56505117707799], 'Termination']
[180, 295, [-90.0], 'Termination']
[187, 71, [-63.43494882292201], 'Termination']
[196, 265, [-116.56505117707799], 'Termination']
[198, 151, [135.0], 'Termination']
[199, 73, [-45.0], 'Termination']
[200, 198, [26.56505117707799], 'Termination']
[204, 108, [-45.0], 'Termination']
[213, 77, [-63.43494882292201], 'Termination']
[223, 109, [116.56505117707799], 'Termination']
[225, 256, [-116.56505117707799], 'Termination']
[229, 299, [90.0], 'Termination']
[232, 199, [-0.0], 'Termination']
[233, 84, [-45.0], 'Termination']
[241, 163, [-26.56505117707799], 'Termination']
[245, 246, [-153.434948822922], 'Termination']
[248, 200, [-180.0], 'Termination']
[253, 100, [-26.56505117707799], 'Termination']
[263, 230, [-153.434948822922], 'Termination']
[269, 190, [-180.0], 'Termination']
[280, 135, [153.434948822922], 'Termination']
[282, 194, [-180.0], 'Termination']
[285, 158, [153.434948822922], 'Termination']
[319, 45, [116.56505117707799], 'Termination']